Example_data/Species_1/M_variables/Set_2/bio_14.asc
ncols         249
nrows         150
xllcorner     -108.16666292027
yllcorner     24.666671082377
cellsize      0.16666667535901
NODATA_value  -9999
[rows 90 to 134 of 150, columns 96 to 191 of 249]
77 75 75 73 73 73 73 74 75 76 76 77 80 82 83 83 84 84 83 82 81 80 82 84 84 83 83 82 84 85 85 84 82 82 81 81 79 83 84 86 87 86 87 86 88 95 102 106 104 104 106 106 106 99 98 95 90 90 88 86 86 85 84 82 80 79 78 77 78 77 75 74 72 70 70 71 72 71 70 70 72 70 70 70 70 72 74 77 78 78 77 -9999 -9999 77 77 -9999
78 77 75 74 72 72 71 72 73 74 75 76 79 80 81 82 83 82 81 80 78 80 83 85 86 86 86 86 86 87 85 84 83 82 80 78 80 81 81 82 81 82 82 83 84 93 97 99 99 99 101 101 98 94 93 89 84 84 85 84 84 83 82 79 77 75 75 73 73 73 73 72 70 68 67 69 71 71 71 71 71 71 71 72 72 73 76 77 77 -9999 -9999 -9999 -9999 -9999 -9999 -9999
80 79 77 75 73 72 71 71 71 72 73 76 77 79 80 80 80 80 79 78 77 81 84 86 87 87 88 88 88 87 87 85 83 81 78 78 78 78 80 78 79 79 79 79 82 89 93 95 96 97 97 97 94 91 89 85 81 81 81 81 80 79 78 76 73 72 72 73 70 69 69 69 67 65 65 67 71 71 71 71 72 73 74 74 74 75 76 -9999 -9999 -9999 -9999 -9999 -9999 -9999 -9999 -9999
82 79 79 77 75 73 71 71 71 71 72 75 76 77 78 78 77 77 78 78 78 80 84 86 87 87 88 88 88 87 85 83 80 79 78 77 76 77 78 79 80 80 79 79 81 85 89 92 93 94 93 91 90 88 84 82 79 78 79 79 78 76 75 73 71 70 70 70 68 64 65 65 64 63 63 66 70 71 70 69 71 73 73 73 73 73 74 -9999 -9999 -9999 -9999 -9999 -9999 -9999 -9999 -9999
82 82 80 78 75 72 71 71 71 71 71 73 74 76 76 76 76 76 77 79 79 80 83 85 86 87 87 88 87 86 84 81 79 78 79 76 74 76 79 81 82 81 82 82 82 82 84 87 88 90 89 88 85 83 81 79 78 77 77 76 74 74 73 72 71 70 67 66 65 61 61 62 62 62 63 66 68 69 69 69 71 72 72 72 72 72 -9999 -9999 -9999 -9999 -9999 -9999 -9999 -9999 -9999 -9999
82 83 82 78 74 70 70 70 70 70 70 71 73 75 76 77 77 77 78 79 80 81 82 84 85 87 87 88 87 86 83 79 77 79 77 75 74 75 79 82 83 83 83 81 80 78 78 81 83 83 83 82 80 78 78 77 77 77 75 73 72 72 72 70 69 69 68 65 63 60 60 61 62 62 64 66 68 70 70 70 71 71 -9999 -9999 -9999 -9999 -9999 -9999 -9999 -9999 -9999 -9999 -9999 -9999 -9999 -9999
83 83 82 78 74 70 68 68 69 69 70 71 73 76 78 79 79 79 79 80 82 82 80 82 84 86 87 88 88 85 82 78 77 78 77 75 74 75 79 82 84 83 82 80 77 76 76 77 78 78 78 77 75 73 74 74 76 75 74 72 69 69 69 68 66 66 65 64 62 60 59 61 61 63 65 67 70 71 71 70 -9999 -9999 -9999 -9999 -9999 -9999 -9999 -9999 -9999 -9999 -9999 -9999 -9999 -9999 -9999 -9999
83 82 81 78 74 71 68 67 68 69 71 72 74 78 81 82 81 81 81 81 84 81 80 81 82 84 85 86 86 84 81 79 77 77 76 76 76 80 83 83 83 83 80 77 76 75 76 76 75 74 74 73 71 70 70 71 74 75 73 71 68 65 66 65 64 63 64 63 61 60 59 60 61 63 66 69 70 69 69 -9999 -9999 -9999 -9999 -9999 -9999 -9999 -9999 -9999 -9999 -9999 -9999 -9999 -9999 -9999 -9999 -9999
82 82 80 77 74 72 70 68 69 71 73 75 77 80 83 84 84 83 83 83 83 81 79 79 81 82 83 84 83 82 80 78 76 75 75 76 80 83 83 82 81 79 77 76 75 75 74 74 72 71 71 70 68 67 67 68 69 71 71 69 67 64 64 64 63 63 63 62 60 60 60 61 62 63 66 70 69 68 67 -9999 -9999 -9999 -9999 -9999 -9999 -9999 -9999 -9999 -9999 -9999 -9999 -9999 -9999 -9999 -9999 -9999
80 81 79 77 75 74 72 71 71 73 76 77 79 82 84 87 87 86 86 85 82 80 79 79 80 81 82 82 81 80 79 76 74 73 75 78 80 80 81 79 77 76 75 75 74 73 73 71 70 68 68 67 66 65 65 64 66 67 69 68 66 65 63 63 63 62 62 61 60 61 62 63 62 63 67 69 68 68 -9999 -9999 -9999 -9999 -9999 -9999 -9999 -9999 -9999 -9999 -9999 -9999 -9999 -9999 -9999 -9999 -9999 -9999
77 78 78 77 76 75 74 72 73 75 75 77 78 80 83 86 86 86 85 84 82 80 79 79 80 81 80 81 80 78 76 74 73 72 74 76 78 78 78 77 75 73 72 72 72 71 70 67 66 65 64 64 63 62 61 62 63 64 66 67 65 64 63 62 62 61 61 60 61 62 63 63 62 63 67 67 -9999 -9999 -9999 -9999 -9999 -9999 -9999 -9999 -9999 -9999 -9999 -9999 -9999 -9999 -9999 -9999 -9999 -9999 -9999 -9999
73 76 78 77 76 76 75 75 75 75 76 76 76 79 82 85 85 85 84 83 81 80 80 81 81 81 80 79 78 75 74 73 72 72 73 74 75 75 75 75 74 71 67 67 67 66 64 62 62 61 60 59 60 60 60 60 61 62 63 65 65 63 63 62 61 61 60 60 60 61 63 63 62 63 66 -9999 -9999 -9999 -9999 -9999 -9999 -9999 -9999 -9999 -9999 -9999 -9999 -9999 -9999 -9999 -9999 -9999 -9999 -9999 -9999 -9999
73 75 78 77 76 76 77 76 76 76 75 75 77 80 83 85 86 85 84 81 79 79 81 83 83 81 79 77 75 72 71 70 71 71 71 71 71 71 72 72 71 67 61 59 59 60 61 60 57 58 57 57 58 58 59 58 59 59 60 63 65 64 62 61 61 59 60 60 60 61 62 63 63 63 -9999 -9999 -9999 -9999 -9999 -9999 -9999 -9999 -9999 -9999 -9999 -9999 -9999 -9999 -9999 -9999 -9999 -9999 -9999 -9999 -9999 -9999
75 77 79 78 77 77 77 78 78 76 74 69 74 80 84 86 86 85 82 79 76 80 81 83 82 80 78 74 72 69 67 66 68 68 69 68 68 68 68 68 66 62 56 53 54 56 57 56 54 55 55 56 57 58 58 58 57 58 59 62 64 63 61 60 59 57 57 58 60 61 62 64 -9999 -9999 -9999 -9999 -9999 -9999 -9999 -9999 -9999 -9999 -9999 -9999 -9999 -9999 -9999 -9999 -9999 -9999 -9999 -9999 -9999 -9999 -9999 -9999
79 79 81 79 78 78 78 79 78 77 75 69 75 82 85 87 87 85 82 77 76 80 82 82 81 79 77 73 70 67 64 64 65 66 66 66 67 67 67 66 63 59 55 52 52 54 54 53 52 52 53 54 56 58 58 57 55 56 58 61 63 62 60 58 56 54 54 56 58 61 62 -9999 -9999 -9999 -9999 -9999 -9999 -9999 -9999 -9999 -9999 -9999 -9999 -9999 -9999 -9999 -9999 -9999 -9999 -9999 -9999 -9999 -9999 -9999 -9999 -9999
83 83 83 81 80 79 79 80 80 79 79 77 79 83 87 88 87 85 82 77 76 80 83 82 80 79 77 72 69 66 64 64 64 65 65 66 67 68 68 66 62 59 56 54 53 52 52 51 50 50 51 53 54 56 57 56 55 55 58 61 62 61 59 57 54 51 50 53 57 -9999 -9999 -9999 -9999 -9999 -9999 -9999 -9999 -9999 -9999 -9999 -9999 -9999 -9999 -9999 -9999 -9999 -9999 -9999 -9999 -9999 -9999 -9999 -9999 -9999 -9999 -9999
87 87 87 84 82 81 82 82 83 82 82 82 83 85 87 87 86 84 81 78 76 79 81 80 79 79 77 72 68 67 65 64 65 66 67 67 68 68 68 65 63 60 58 56 55 54 53 51 50 50 51 53 54 54 56 55 55 57 59 61 61 61 59 57 54 51 50 52 -9999 -9999 -9999 -9999 -9999 -9999 -9999 -9999 -9999 -9999 -9999 -9999 -9999 -9999 -9999 -9999 -9999 -9999 -9999 -9999 -9999 -9999 -9999 -9999 -9999 -9999 -9999 -9999
91 91 91 88 87 87 86 85 83 83 82 84 85 86 87 86 85 82 80 78 77 78 80 79 78 78 77 73 70 67 67 66 66 67 68 69 69 69 68 66 63 61 58 57 57 56 55 52 51 51 52 53 54 55 55 56 57 58 60 61 61 61 60 58 56 54 53 -9999 -9999 -9999 -9999 -9999 -9999 -9999 -9999 -9999 -9999 -9999 -9999 -9999 -9999 -9999 -9999 -9999 -9999 -9999 -9999 -9999 -9999 -9999 -9999 -9999 -9999 -9999 -9999 -9999
94 94 94 93 92 90 87 85 83 82 82 83 83 85 86 86 84 82 79 78 77 77 79 79 78 77 76 73 71 70 69 68 69 70 71 72 71 71 69 67 64 62 59 58 57 56 55 53 51 52 53 55 55 56 56 57 58 59 61 62 62 62 60 58 57 57 56 -9999 -9999 -9999 -9999 -9999 -9999 -9999 -9999 -9999 -9999 -9999 -9999 -9999 -9999 -9999 -9999 -9999 -9999 -9999 -9999 -9999 -9999 -9999 -9999 -9999 -9999 -9999 -9999 -9999
95 95 94 92 91 89 86 84 83 82 82 82 83 83 85 85 83 81 79 77 78 78 79 79 78 77 76 74 74 72 70 70 71 73 74 75 74 74 73 69 65 63 61 59 57 56 55 54 53 54 55 56 56 56 56 57 59 61 64 65 64 63 61 58 58 59 -9999 -9999 -9999 -9999 -9999 -9999 -9999 -9999 -9999 -9999 -9999 -9999 -9999 -9999 -9999 -9999 -9999 -9999 -9999 -9999 -9999 -9999 -9999 -9999 -9999 -9999 -9999 -9999 -9999 -9999
97 96 94 92 89 87 86 84 83 83 83 83 83 83 83 84 83 81 79 78 79 80 81 80 78 77 76 77 76 74 73 74 75 77 78 78 77 77 69 72 68 65 62 60 59 58 57 55 56 56 56 56 56 56 56 57 59 63 67 66 65 64 61 58 57 59 -9999 -9999 -9999 -9999 -9999 -9999 -9999 -9999 -9999 -9999 -9999 -9999 -9999 -9999 -9999 -9999 -9999 -9999 -9999 -9999 -9999 -9999 -9999 -9999 -9999 -9999 -9999 -9999 -9999 -9999
100 97 94 92 90 87 87 86 85 85 84 83 83 83 81 82 82 81 80 80 81 82 82 81 79 77 78 79 79 77 77 79 80 81 82 81 80 79 75 75 71 68 65 63 61 60 59 58 58 57 57 57 56 55 55 57 59 62 65 66 65 63 61 59 58 -9999 -9999 -9999 -9999 -9999 -9999 -9999 -9999 -9999 -9999 -9999 -9999 -9999 -9999 -9999 -9999 -9999 -9999 -9999 -9999 -9999 -9999 -9999 -9999 -9999 -9999 -9999 -9999 -9999 -9999 -9999
101 97 94 92 91 90 89 89 89 87 85 82 82 82 80 81 81 81 81 81 82 84 82 81 79 79 81 82 83 83 84 84 85 86 86 85 84 81 79 77 74 71 69 67 65 64 63 62 60 58 59 59 57 56 55 56 58 60 62 63 64 62 60 58 58 -9999 -9999 -9999 -9999 -9999 -9999 -9999 -9999 -9999 -9999 -9999 -9999 -9999 -9999 -9999 -9999 -9999 -9999 -9999 -9999 -9999 -9999 -9999 -9999 -9999 -9999 -9999 -9999 -9999 -9999 -9999
100 96 94 92 92 91 91 93 92 88 85 82 80 79 77 78 79 80 81 82 83 84 83 83 80 80 84 87 88 89 89 89 90 89 89 89 87 84 82 79 77 75 73 71 71 70 68 65 64 62 61 61 59 57 55 55 57 58 60 62 62 59 57 57 57 -9999 -9999 -9999 -9999 -9999 -9999 -9999 -9999 -9999 -9999 -9999 -9999 -9999 -9999 -9999 -9999 -9999 -9999 -9999 -9999 -9999 -9999 -9999 -9999 -9999 -9999 -9999 -9999 -9999 -9999 -9999
98 94 93 92 91 89 89 91 90 87 83 81 79 76 74 75 77 79 81 83 84 85 84 84 82 86 88 91 92 91 90 86 83 82 84 87 90 88 85 83 81 80 78 77 76 73 71 69 67 65 63 62 60 57 55 55 56 58 59 61 60 56 54 54 55 -9999 -9999 -9999 -9999 -9999 -9999 -9999 -9999 -9999 -9999 -9999 -9999 -9999 -9999 -9999 -9999 -9999 -9999 -9999 -9999 -9999 -9999 -9999 -9999 -9999 -9999 -9999 -9999 -9999 -9999 -9999
95 93 92 91 89 86 85 86 86 84 82 80 78 75 73 72 74 77 81 83 85 85 85 85 85 88 91 94 86 85 84 81 77 76 79 83 87 90 89 87 85 84 81 81 79 77 76 73 69 67 64 62 60 57 54 54 56 58 58 59 57 54 51 51 52 -9999 -9999 -9999 -9999 -9999 -9999 -9999 -9999 -9999 -9999 -9999 -9999 -9999 -9999 -9999 -9999 -9999 -9999 -9999 -9999 -9999 -9999 -9999 -9999 -9999 -9999 -9999 -9999 -9999 -9999 -9999
95 92 91 90 88 85 84 84 85 84 83 81 76 75 74 73 72 76 80 83 86 86 86 86 86 89 93 92 86 84 83 -9999 -9999 -9999 -9999 -9999 86 88 88 89 88 86 83 82 82 80 78 74 70 67 64 61 58 56 54 54 57 60 57 55 57 53 51 51 53 -9999 -9999 -9999 -9999 -9999 -9999 -9999 -9999 -9999 -9999 -9999 -9999 -9999 -9999 -9999 -9999 -9999 -9999 -9999 -9999 -9999 -9999 -9999 -9999 -9999 -9999 -9999 -9999 -9999 -9999 -9999
97 95 93 90 88 87 85 86 87 87 85 81 76 74 75 75 76 78 -9999 -9999 -9999 -9999 -9999 -9999 -9999 -9999 -9999 -9999 -9999 -9999 -9999 -9999 -9999 -9999 -9999 -9999 -9999 -9999 80 75 80 86 84 82 81 81 79 75 71 67 63 60 57 54 52 52 55 58 56 54 57 54 53 53 55 56 -9999 -9999 -9999 -9999 -9999 -9999 -9999 -9999 -9999 -9999 -9999 -9999 -9999 -9999 -9999 -9999 -9999 -9999 -9999 -9999 -9999 -9999 -9999 -9999 -9999 -9999 -9999 -9999 -9999 -9999
100 98 96 92 89 89 88 88 89 88 86 81 78 78 79 78 78 79 -9999 -9999 -9999 -9999 -9999 -9999 -9999 -9999 -9999 -9999 -9999 -9999 -9999 -9999 -9999 -9999 -9999 -9999 -9999 -9999 -9999 70 74 77 81 82 80 80 79 -9999 -9999 -9999 63 60 57 53 47 46 49 53 54 54 56 57 56 56 58 58 -9999 -9999 -9999 -9999 -9999 -9999 -9999 -9999 -9999 -9999 -9999 -9999 -9999 -9999 -9999 -9999 -9999 -9999 -9999 -9999 -9999 -9999 -9999 -9999 -9999 -9999 -9999 -9999 -9999 -9999
98 99 97 92 91 92 91 90 89 89 88 84 82 83 82 81 80 81 -9999 -9999 -9999 -9999 -9999 -9999 -9999 -9999 -9999 -9999 -9999 -9999 -9999 -9999 -9999 -9999 -9999 -9999 -9999 -9999 -9999 -9999 67 70 72 77 80 78 -9999 -9999 -9999 -9999 -9999 60 58 52 39 39 45 51 56 57 58 57 58 59 60 60 -9999 -9999 -9999 -9999 -9999 -9999 -9999 -9999 -9999 -9999 -9999 -9999 -9999 -9999 -9999 -9999 -9999 -9999 -9999 -9999 -9999 -9999 -9999 -9999 -9999 -9999 -9999 -9999 -9999 -9999
94 95 96 93 93 93 92 89 87 87 87 86 85 85 85 83 82 -9999 -9999 -9999 -9999 -9999 -9999 -9999 -9999 -9999 -9999 -9999 -9999 -9999 -9999 -9999 -9999 -9999 -9999 -9999 -9999 -9999 -9999 -9999 -9999 67 68 71 -9999 -9999 -9999 -9999 -9999 -9999 -9999 -9999 52 44 28 35 44 52 57 57 57 57 58 60 61 61 62 -9999 -9999 -9999 -9999 -9999 -9999 -9999 -9999 -9999 -9999 -9999 -9999 -9999 -9999 -9999 -9999 -9999 -9999 -9999 -9999 -9999 -9999 -9999 -9999 -9999 -9999 -9999 -9999 -9999
-9999 94 95 -9999 93 92 91 89 87 87 87 87 86 86 86 85 83 82 -9999 -9999 -9999 -9999 -9999 -9999 -9999 -9999 -9999 -9999 -9999 -9999 -9999 -9999 -9999 -9999 -9999 -9999 -9999 -9999 -9999 -9999 -9999 -9999 -9999 -9999 -9999 -9999 -9999 -9999 -9999 -9999 -9999 -9999 48 39 36 40 49 54 57 57 56 57 58 59 60 62 62 -9999 -9999 -9999 -9999 -9999 -9999 -9999 -9999 -9999 -9999 -9999 -9999 -9999 -9999 -9999 -9999 -9999 -9999 -9999 -9999 -9999 -9999 -9999 -9999 -9999 -9999 -9999 -9999 -9999
-9999 -9999 -9999 -9999 93 92 90 89 88 87 87 87 87 87 86 86 81 80 81 83 -9999 -9999 -9999 -9999 -9999 -9999 -9999 -9999 -9999 -9999 -9999 -9999 -9999 -9999 -9999 -9999 -9999 -9999 -9999 -9999 -9999 -9999 -9999 -9999 -9999 -9999 -9999 -9999 -9999 -9999 -9999 -9999 -9999 41 43 46 52 57 56 56 55 56 57 58 60 63 61 60 -9999 -9999 -9999 -9999 -9999 -9999 -9999 -9999 -9999 -9999 -9999 -9999 -9999 -9999 -9999 -9999 -9999 -9999 -9999 -9999 -9999 -9999 -9999 -9999 -9999 -9999 -9999 -9999
-9999 -9999 -9999 -9999 -9999 -9999 -9999 89 88 88 87 87 87 -9999 -9999 -9999 82 81 81 -9999 -9999 -9999 -9999 -9999 -9999 -9999 -9999 -9999 -9999 -9999 -9999 -9999 -9999 -9999 -9999 -9999 -9999 -9999 -9999 -9999 -9999 -9999 -9999 -9999 -9999 -9999 -9999 -9999 -9999 -9999 -9999 -9999 -9999 -9999 47 50 55 56 55 55 54 55 56 57 60 61 59 58 -9999 -9999 -9999 -9999 -9999 -9999 -9999 -9999 -9999 -9999 -9999 -9999 -9999 -9999 -9999 -9999 -9999 -9999 -9999 -9999 -9999 -9999 -9999 -9999 -9999 -9999 -9999 -9999
-9999 -9999 -9999 -9999 -9999 -9999 -9999 -9999 -9999 -9999 -9999 -9999 -9999 -9999 -9999 -9999 82 -9999 -9999 -9999 -9999 -9999 -9999 -9999 -9999 -9999 -9999 -9999 -9999 -9999 -9999 -9999 -9999 -9999 -9999 -9999 -9999 -9999 -9999 -9999 -9999 -9999 -9999 -9999 -9999 -9999 -9999 -9999 -9999 -9999 -9999 -9999 -9999 -9999 -9999 -9999 54 55 54 53 54 54 54 55 55 54 55 57 57 -9999 -9999 -9999 -9999 -9999 -9999 -9999 -9999 -9999 -9999 -9999 -9999 -9999 -9999 -9999 -9999 -9999 -9999 -9999 -9999 -9999 -9999 -9999 -9999 -9999 -9999 -9999
-9999 -9999 -9999 -9999 -9999 -9999 -9999 -9999 -9999 -9999 -9999 -9999 -9999 -9999 -9999 -9999 -9999 -9999 -9999 -9999 -9999 -9999 -9999 -9999 -9999 -9999 -9999 -9999 -9999 -9999 -9999 -9999 -9999 -9999 -9999 -9999 -9999 -9999 -9999 -9999 -9999 -9999 -9999 -9999 -9999 -9999 -9999 -9999 -9999 -9999 -9999 -9999 -9999 -9999 -9999 -9999 55 55 54 53 54 55 54 53 51 49 52 56 57 54 -9999 -9999 -9999 -9999 -9999 -9999 -9999 -9999 -9999 -9999 -9999 -9999 -9999 -9999 -9999 -9999 -9999 -9999 -9999 -9999 -9999 -9999 -9999 -9999 -9999 -9999
-9999 -9999 -9999 -9999 -9999 -9999 -9999 -9999 -9999 -9999 -9999 -9999 -9999 -9999 -9999 -9999 -9999 -9999 -9999 -9999 -9999 -9999 -9999 -9999 -9999 -9999 -9999 -9999 -9999 -9999 -9999 -9999 -9999 -9999 -9999 -9999 -9999 -9999 -9999 -9999 -9999 -9999 -9999 -9999 -9999 -9999 -9999 -9999 -9999 -9999 -9999 -9999 -9999 -9999 -9999 -9999 -9999 56 56 56 54 52 52 54 50 51 55 56 55 50 -9999 -9999 -9999 -9999 -9999 -9999 -9999 -9999 -9999 -9999 -9999 -9999 -9999 -9999 -9999 -9999 -9999 -9999 -9999 -9999 -9999 -9999 -9999 -9999 -9999 -9999
-9999 -9999 -9999 -9999 -9999 -9999 -9999 -9999 -9999 -9999 -9999 -9999 -9999 -9999 -9999 -9999 -9999 -9999 -9999 -9999 -9999 -9999 -9999 -9999 -9999 -9999 -9999 -9999 -9999 -9999 -9999 -9999 -9999 -9999 -9999 -9999 -9999 -9999 -9999 -9999 -9999 -9999 -9999 -9999 -9999 -9999 -9999 -9999 -9999 -9999 -9999 -9999 -9999 -9999 -9999 -9999 56 57 57 57 53 47 46 47 50 54 54 53 49 45 -9999 -9999 -9999 -9999 -9999 -9999 -9999 -9999 -9999 -9999 -9999 -9999 -9999 -9999 -9999 -9999 -9999 -9999 -9999 -9999 -9999 -9999 -9999 -9999 -9999 -9999
-9999 -9999 -9999 -9999 -9999 -9999 -9999 -9999 -9999 -9999 -9999 -9999 -9999 -9999 -9999 -9999 -9999 -9999 -9999 -9999 -9999 -9999 -9999 -9999 -9999 -9999 -9999 -9999 -9999 -9999 -9999 -9999 -9999 -9999 -9999 -9999 -9999 -9999 -9999 -9999 -9999 -9999 -9999 -9999 -9999 -9999 -9999 -9999 -9999 -9999 -9999 -9999 -9999 -9999 -9999 53 55 55 55 57 47 42 40 40 42 48 51 48 45 42 -9999 -9999 -9999 -9999 -9999 -9999 -9999 -9999 -9999 -9999 -9999 -9999 -9999 -9999 -9999 -9999 -9999 -9999 -9999 -9999 -9999 -9999 -9999 -9999 -9999 -9999
-9999 -9999 -9999 -9999 -9999 -9999 -9999 -9999 -9999 -9999 -9999 -9999 -9999 -9999 -9999 -9999 -9999 -9999 -9999 -9999 -9999 -9999 -9999 -9999 -9999 -9999 -9999 -9999 -9999 -9999 -9999 -9999 -9999 -9999 -9999 -9999 -9999 -9999 -9999 -9999 -9999 -9999 -9999 -9999 -9999 -9999 -9999 -9999 -9999 -9999 -9999 -9999 -9999 -9999 -9999 -9999 51 49 45 42 40 38 39 39 41 47 49 46 42 41 -9999 -9999 -9999 -9999 -9999 -9999 -9999 -9999 -9999 -9999 -9999 -9999 -9999 -9999 -9999 -9999 -9999 -9999 -9999 -9999 -9999 -9999 -9999 -9999 -9999 -9999
-9999 -9999 -9999 -9999 -9999 -9999 -9999 -9999 -9999 -9999 -9999 -9999 -9999 -9999 -9999 -9999 -9999 -9999 -9999 -9999 -9999 -9999 -9999 -9999 -9999 -9999 -9999 -9999 -9999 -9999 -9999 -9999 -9999 -9999 -9999 -9999 -9999 -9999 -9999 -9999 -9999 -9999 -9999 -9999 -9999 -9999 -9999 -9999 -9999 -9999 -9999 -9999 -9999 -9999 -9999 43 44 42 38 38 40 47 47 42 43 47 47 45 43 43 44 -9999 -9999 -9999 -9999 -9999 -9999 -9999 -9999 -9999 -9999 -9999 -9999 -9999 -9999 -9999 -9999 -9999 -9999 -9999 -9999 -9999 -9999 -9999 -9999 -9999
-9999 -9999 -9999 -9999 -9999 -9999 -9999 -9999 -9999 -9999 -9999 -9999 -9999 -9999 -9999 -9999 -9999 -9999 -9999 -9999 -9999 -9999 -9999 -9999 -9999 -9999 -9999 -9999 -9999 -9999 -9999 -9999 -9999 -9999 -9999 -9999 -9999 -9999 -9999 -9999 -9999 -9999 -9999 -9999 -9999 -9999 -9999 -9999 -9999 -9999 -9999 -9999 -9999 -9999 -9999 -9999 38 37 36 38 43 49 49 45 44 46 45 45 44 45 46 -9999 -9999 -9999 -9999 -9999 -9999 -9999 -9999 -9999 -9999 -9999 -9999 -9999 -9999 -9999 -9999 -9999 -9999 -9999 -9999 -9999 -9999 -9999 -9999 -9999
-9999 -9999 -9999 -9999 -9999 -9999 -9999 -9999 -9999 -9999 -9999 -9999 -9999 -9999 -9999 -9999 -9999 -9999 -9999 -9999 -9999 -9999 -9999 -9999 -9999 -9999 -9999 -9999 -9999 -9999 -9999 -9999 -9999 -9999 -9999 -9999 -9999 -9999 -9999 -9999 -9999 -9999 -9999 -9999 -9999 -9999 -9999 -9999 -9999 -9999 -9999 -9999 -9999 -9999 -9999 -9999 35 34 35 38 42 46 46 44 43 44 44 44 45 46 49 53 -9999 -9999 -9999 -9999 -9999 -9999 -9999 -9999 -9999 -9999 -9999 -9999 -9999 -9999 -9999 -9999 -9999 -9999 -9999 -9999 -9999 -9999 -9999 -9999
-9999 -9999 -9999 -9999 -9999 -9999 -9999 -9999 -9999 -9999 -9999 -9999 -9999 -9999 -9999 -9999 -9999 -9999 -9999 -9999 -9999 -9999 -9999 -9999 -9999 -9999 -9999 -9999 -9999 -9999 -9999 -9999 -9999 -9999 -9999 -9999 -9999 -9999 -9999 -9999 -9999 -9999 -9999 -9999 -9999 -9999 -9999 -9999 -9999 -9999 -9999 -9999 -9999 -9999 -9999 -9999 35 34 35 39 43 46 46 43 42 42 43 43 45 48 53 58 -9999 -9999 -9999 -9999 -9999 -9999 -9999 -9999 -9999 -9999 -9999 -9999 -9999 -9999 -9999 -9999 -9999 -9999 -9999 -9999 -9999 -9999 -9999 -9999
-9999 -9999 -9999 -9999 -9999 -9999 -9999 -9999 -9999 -9999 -9999 -9999 -9999 -9999 -9999 -9999 -9999 -9999 -9999 -9999 -9999 -9999 -9999 -9999 -9999 -9999 -9999 -9999 -9999 -9999 -9999 -9999 -9999 -9999 -9999 -9999 -9999 -9999 -9999 -9999 -9999 -9999 -9999 -9999 -9999 -9999 -9999 -9999 -9999 -9999 -9999 -9999 -9999 -9999 -9999 -9999 -9999 36 38 40 43 48 46 43 43 42 42 42 44 49 54 55 57 -9999 -9999 -9999 -9999 -9999 -9999 -9999 -9999 -9999 -9999 -9999 -9999 -9999 -9999 -9999 -9999 -9999 -9999 -9999 -9999 -9999 -9999 -9999
