Example_data/Species_1/M_variables/Set_2/bio_14.asc
ncols         249
nrows         150
xllcorner     -108.16666292027
yllcorner     24.666671082377
cellsize      0.16666667535901
NODATA_value  -9999
[rows 45 to 89 of 150, columns 0 to 95 of 249]
-9999 -9999 -9999 -9999 -9999 -9999 -9999 -9999 -9999 -9999 -9999 -9999 -9999 -9999 -9999 -9999 -9999 9 8 8 9 8 8 8 8 9 9 10 10 10 10 9 9 8 8 8 9 10 11 13 14 14 12 11 11 11 11 12 13 13 12 12 12 11 11 11 12 12 12 12 12 12 13 13 14 14 14 14 14 14 14 15 15 15 15 17 18 18 19 20 20 21 21 21 20 20 20 20 20 21 22 23 24 25 25 25
-9999 -9999 -9999 -9999 -9999 -9999 -9999 -9999 -9999 -9999 -9999 -9999 -9999 -9999 -9999 -9999 12 10 9 10 10 9 8 9 9 9 8 9 10 10 10 9 9 8 8 8 10 12 14 15 16 14 13 11 11 11 12 12 13 12 12 12 11 11 11 11 12 12 12 12 13 13 13 13 14 14 14 14 14 14 14 15 16 16 17 17 18 19 20 20 21 21 21 21 20 20 20 20 21 22 23 24 25 26 26 26
-9999 -9999 -9999 -9999 -9999 -9999 -9999 -9999 -9999 -9999 -9999 -9999 -9999 -9999 -9999 -9999 12 11 12 12 12 11 10 10 10 10 9 9 9 9 9 9 9 8 8 9 11 15 18 19 18 15 13 11 11 11 11 12 12 12 12 12 11 11 10 11 12 12 12 12 12 12 13 13 13 14 14 14 15 15 16 16 17 17 18 18 18 19 20 21 22 22 22 21 20 20 20 21 23 25 24 25 26 26 26 25
-9999 -9999 -9999 -9999 -9999 -9999 -9999 -9999 -9999 -9999 -9999 -9999 -9999 -9999 -9999 13 14 12 11 11 12 11 11 11 11 11 10 9 9 9 9 9 9 9 8 10 13 17 22 23 19 15 13 11 10 11 11 11 11 11 12 12 11 11 11 11 12 12 11 11 11 12 13 13 13 13 14 14 15 16 16 16 16 18 19 19 18 18 19 21 22 22 22 22 21 22 22 23 27 31 31 28 27 26 25 24
-9999 -9999 -9999 -9999 -9999 -9999 -9999 -9999 -9999 -9999 -9999 -9999 -9999 -9999 -9999 12 15 12 12 11 11 11 11 11 11 11 10 10 10 10 10 10 9 8 8 9 12 16 20 20 17 14 12 11 10 10 10 11 11 11 11 11 11 11 11 11 11 11 11 11 11 11 12 12 12 13 13 14 15 16 16 16 16 18 19 19 18 19 19 20 21 22 22 22 22 23 24 26 32 42 45 34 29 26 25 23
-9999 -9999 -9999 -9999 -9999 -9999 -9999 -9999 -9999 -9999 -9999 -9999 -9999 -9999 -9999 12 17 13 11 11 10 10 10 9 9 9 9 9 9 9 9 10 10 9 9 10 11 13 14 14 13 12 11 11 10 10 10 11 11 11 11 12 11 11 11 11 11 10 10 11 11 12 12 13 13 14 15 14 14 15 16 15 16 18 19 19 19 19 19 20 21 22 22 22 23 23 24 27 33 46 53 40 31 27 25 24
-9999 -9999 -9999 -9999 -9999 -9999 -9999 -9999 -9999 -9999 -9999 -9999 -9999 -9999 16 16 15 13 11 10 10 9 8 7 7 7 7 8 8 8 8 9 10 10 9 9 10 11 11 11 10 10 11 11 9 9 10 10 11 11 12 11 11 11 10 10 11 11 11 11 12 13 13 13 13 13 14 14 14 15 16 17 17 18 19 19 19 19 20 20 21 21 22 22 22 22 23 26 30 37 41 37 31 28 27 26
-9999 -9999 -9999 -9999 -9999 -9999 -9999 -9999 -9999 -9999 -9999 -9999 -9999 -9999 28 19 12 11 10 10 9 8 7 6 6 5 6 6 7 8 8 9 9 9 10 10 10 10 10 10 10 10 10 10 9 9 10 10 10 11 11 11 10 10 10 10 11 11 12 13 13 13 13 14 12 13 14 14 15 16 17 18 19 19 19 18 19 19 20 21 21 21 21 21 21 22 23 25 27 30 33 31 29 27 26 26
-9999 -9999 -9999 -9999 -9999 -9999 -9999 -9999 -9999 -9999 -9999 -9999 -9999 -9999 36 20 12 10 10 9 8 7 6 5 5 4 5 5 6 7 7 8 9 10 10 10 9 9 9 9 9 9 9 10 9 9 9 10 11 10 10 10 10 10 11 11 11 12 13 13 13 13 13 13 12 13 15 16 16 17 18 19 20 20 19 18 18 20 21 21 21 21 21 21 21 22 24 25 27 29 29 27 26 26 26 27
-9999 -9999 -9999 -9999 -9999 -9999 -9999 -9999 -9999 -9999 -9999 -9999 -9999 42 41 34 20 11 10 8 8 7 6 5 5 5 5 5 6 6 8 9 9 9 10 9 8 8 8 9 9 9 10 10 9 9 9 10 10 11 10 10 11 11 11 11 12 12 13 13 13 13 13 13 13 13 15 16 16 17 18 19 20 21 20 20 20 20 21 21 21 21 21 21 22 23 25 27 30 32 32 30 28 28 27 27
-9999 -9999 -9999 -9999 -9999 -9999 -9999 -9999 -9999 -9999 -9999 -9999 -9999 43 44 34 17 11 10 9 8 7 6 5 5 5 5 5 6 7 9 9 8 8 9 9 8 8 8 9 10 10 10 10 9 9 10 10 10 11 11 11 11 11 11 11 12 12 12 12 12 12 13 14 14 13 14 15 16 17 18 20 21 21 21 21 21 21 21 20 20 21 22 23 24 24 25 28 34 41 41 38 34 30 29 28
-9999 -9999 -9999 -9999 -9999 -9999 -9999 -9999 -9999 -9999 -9999 -9999 -9999 36 42 39 19 12 11 10 9 8 7 6 6 5 5 6 6 8 8 8 7 8 9 9 9 9 9 10 10 11 11 11 10 10 10 10 11 12 11 10 10 10 10 11 11 12 12 13 13 13 14 15 14 14 15 15 17 17 18 20 20 21 21 21 22 22 21 21 21 22 23 23 23 23 24 27 38 51 57 47 39 33 30 30
-9999 -9999 -9999 -9999 -9999 -9999 -9999 -9999 -9999 -9999 -9999 -9999 -9999 29 39 42 22 13 12 11 10 10 8 7 7 6 6 6 7 8 8 8 7 8 9 9 9 9 9 10 10 11 12 11 11 11 11 11 11 12 12 11 10 9 10 10 11 12 12 13 13 14 14 15 15 16 15 15 16 17 18 19 20 21 21 22 22 22 22 22 23 24 25 24 23 23 24 27 37 51 57 50 40 34 31 31
-9999 -9999 -9999 -9999 -9999 -9999 -9999 -9999 -9999 -9999 -9999 -9999 32 38 40 39 25 14 12 12 12 11 10 8 8 7 7 7 7 8 8 8 8 8 9 9 9 10 10 10 11 12 12 12 12 12 11 11 10 10 11 11 10 10 10 10 11 13 13 13 13 13 14 15 15 16 15 15 16 16 18 18 20 21 22 22 23 22 22 23 24 26 25 24 24 24 25 28 34 41 44 43 39 35 32 32
-9999 -9999 -9999 -9999 -9999 -9999 -9999 -9999 -9999 -9999 -9999 -9999 34 45 43 36 23 14 12 13 12 10 10 9 8 8 7 7 8 8 8 8 8 9 9 9 9 10 10 10 11 12 12 12 12 12 11 10 10 10 11 10 10 10 10 10 11 12 13 14 14 14 14 15 15 15 15 15 16 17 18 19 20 22 22 23 23 23 23 24 25 26 26 26 25 26 26 28 31 34 35 37 37 35 33 34
-9999 -9999 -9999 -9999 -9999 -9999 -9999 -9999 -9999 -9999 -9999 -9999 32 40 45 42 21 14 13 13 12 10 10 9 8 8 8 8 8 8 8 8 8 9 9 9 9 10 10 10 10 11 11 11 11 11 11 10 10 10 10 10 10 11 11 11 11 12 13 14 14 15 15 15 15 15 15 15 16 17 18 19 21 22 23 23 23 24 24 25 26 28 28 28 28 28 28 28 30 32 35 37 37 37 36 35
-9999 -9999 -9999 -9999 -9999 -9999 -9999 -9999 -9999 -9999 -9999 -9999 41 38 32 32 14 12 12 12 11 9 9 9 8 8 8 8 8 8 8 8 8 8 8 9 9 10 10 10 10 10 10 10 11 11 11 10 10 9 9 10 10 11 12 12 12 13 14 15 15 15 16 16 15 15 16 16 16 18 19 20 21 23 24 24 25 25 25 25 27 29 29 30 30 31 31 31 32 34 36 37 38 38 38 37
-9999 -9999 -9999 -9999 -9999 -9999 -9999 -9999 -9999 -9999 -9999 -9999 38 24 18 25 23 11 12 11 10 9 9 8 8 8 8 8 8 8 7 7 8 8 8 8 9 9 10 10 10 9 10 10 10 10 10 10 10 10 9 9 10 11 12 13 13 14 15 15 15 16 16 16 16 16 16 16 18 19 20 21 22 24 25 25 25 26 27 27 29 30 31 31 32 34 33 33 33 35 36 37 37 37 37 37
-9999 -9999 -9999 -9999 -9999 -9999 -9999 -9999 -9999 -9999 -9999 -9999 32 14 12 15 11 11 12 12 10 9 8 8 7 7 7 8 7 8 8 7 7 7 7 8 8 9 9 10 9 9 10 10 10 10 10 11 11 11 10 9 10 11 12 13 14 14 15 15 16 16 16 17 17 18 18 18 19 20 20 21 24 27 28 25 26 27 28 28 30 31 32 33 33 34 34 34 36 36 36 36 36 36 36 37
-9999 -9999 -9999 -9999 -9999 -9999 -9999 -9999 -9999 -9999 -9999 -9999 22 13 11 11 11 12 20 12 9 9 8 8 6 6 7 7 7 7 7 7 7 7 7 7 8 9 9 9 9 9 10 10 10 10 10 10 11 11 10 10 10 11 12 13 14 14 15 15 15 15 16 18 19 20 21 20 20 20 20 21 24 31 32 26 26 28 29 29 30 31 33 34 34 34 34 36 36 36 35 35 35 35 36 38
-9999 -9999 -9999 -9999 -9999 -9999 -9999 -9999 -9999 -9999 -9999 -9999 11 17 17 13 11 12 23 16 8 8 7 7 6 6 6 7 7 7 7 6 6 6 7 7 8 9 9 10 10 10 10 11 11 10 10 11 11 10 10 10 10 11 12 13 13 14 14 15 14 15 17 20 23 24 24 22 20 20 20 21 24 27 28 26 27 29 30 30 31 31 33 34 35 35 35 36 36 36 35 35 35 34 35 38
-9999 -9999 -9999 -9999 -9999 -9999 -9999 -9999 -9999 -9999 -9999 -9999 12 15 17 13 9 10 12 11 9 8 7 7 6 6 6 7 7 7 7 7 6 6 6 7 8 8 9 9 9 10 11 12 12 11 12 12 12 11 10 10 11 11 12 13 13 13 13 13 13 14 16 20 26 28 24 22 20 20 21 22 24 26 25 25 27 30 31 32 32 32 33 35 36 36 36 37 37 37 36 36 35 34 36 38
-9999 -9999 -9999 -9999 -9999 -9999 -9999 -9999 -9999 -9999 -9999 -9999 23 20 10 9 10 10 10 10 9 8 7 6 6 6 6 7 7 7 7 7 7 6 6 7 7 8 8 9 9 9 11 12 12 12 12 12 12 11 11 11 11 12 13 13 13 12 13 13 13 14 16 19 22 22 20 20 21 21 21 22 24 26 26 26 28 30 31 32 33 34 35 36 37 36 36 37 38 38 38 38 38 37 38 39
-9999 -9999 -9999 -9999 -9999 -9999 -9999 -9999 -9999 -9999 -9999 -9999 24 13 27 11 11 14 12 10 9 8 7 6 6 6 6 7 7 7 7 7 7 7 7 7 7 8 8 8 9 9 10 10 11 11 12 12 12 12 11 11 11 12 13 13 13 13 13 14 14 15 16 18 19 19 19 20 21 21 22 23 25 26 26 27 29 31 33 34 35 36 36 38 38 37 37 38 39 39 39 39 39 39 40 41
-9999 -9999 -9999 -9999 -9999 -9999 -9999 -9999 -9999 -9999 -9999 -9999 9 8 22 29 12 20 19 14 11 10 8 7 6 6 7 7 7 7 7 6 7 8 7 7 7 8 8 8 9 9 9 9 10 11 11 12 13 13 12 12 12 12 13 13 13 13 13 14 15 15 16 17 18 19 19 20 20 21 22 24 26 26 27 28 30 33 35 36 37 38 38 38 38 38 38 39 39 39 39 40 40 41 43 44
-9999 -9999 -9999 -9999 -9999 -9999 -9999 -9999 -9999 -9999 -9999 13 6 6 7 30 19 16 24 18 14 12 10 8 7 7 7 7 8 8 8 7 8 8 8 8 8 8 8 8 8 8 9 9 9 10 12 12 13 13 12 12 12 12 13 13 13 13 14 14 15 15 16 17 18 19 20 21 21 21 23 24 26 27 29 30 31 33 35 36 37 37 38 38 38 38 38 39 39 39 40 41 42 43 45 47
-9999 -9999 -9999 -9999 -9999 -9999 -9999 -9999 -9999 -9999 -9999 8 6 6 6 9 19 13 15 16 14 14 13 10 9 8 8 8 8 8 8 8 8 8 8 8 8 8 8 8 8 8 9 9 10 11 12 13 13 14 13 12 12 12 12 13 13 14 14 15 15 16 17 18 18 19 21 22 22 22 24 26 26 27 30 31 32 34 35 36 37 38 38 39 39 39 39 40 40 41 42 43 44 45 47 49
-9999 -9999 -9999 -9999 -9999 -9999 -9999 -9999 -9999 -9999 27 11 6 6 6 15 31 19 16 15 15 14 12 10 10 9 9 8 9 9 9 9 9 8 8 8 8 7 7 7 8 9 9 9 10 11 12 12 13 13 12 12 12 13 13 13 13 14 15 15 16 17 18 19 19 20 22 23 24 24 25 26 26 28 31 33 34 35 36 37 38 39 40 41 41 41 40 41 42 42 43 45 46 47 48 50
-9999 -9999 -9999 -9999 -9999 -9999 -9999 -9999 -9999 -9999 38 24 8 6 6 7 11 23 22 20 16 13 11 10 9 9 9 9 10 9 9 9 9 8 8 8 7 7 8 8 8 9 9 10 10 11 12 12 12 12 12 12 13 13 13 13 14 14 15 16 17 18 19 20 21 21 22 24 25 26 26 27 28 30 31 33 35 35 35 37 38 39 40 41 42 42 42 43 43 44 46 47 48 48 49 51
-9999 -9999 -9999 -9999 -9999 -9999 -9999 -9999 -9999 42 35 25 11 7 8 9 13 32 30 17 15 13 10 9 9 9 9 10 10 10 10 9 9 8 8 8 8 8 8 8 9 9 10 10 11 12 12 12 12 12 12 12 13 14 13 13 14 15 16 17 19 20 21 22 22 23 24 25 26 26 27 29 30 31 32 34 36 35 35 37 39 39 40 41 42 43 43 44 45 46 47 49 49 49 50 52
-9999 -9999 -9999 -9999 -9999 -9999 -9999 -9999 -9999 38 37 29 15 10 9 10 17 37 24 16 13 13 17 11 9 9 9 10 9 9 9 9 8 8 8 8 8 9 9 9 9 10 11 11 12 12 12 12 12 12 12 12 13 13 13 13 14 15 17 18 20 21 22 23 24 24 24 25 26 27 28 30 31 32 34 36 37 37 37 39 41 42 42 42 42 43 44 46 47 47 48 49 49 49 51 53
-9999 -9999 -9999 -9999 -9999 -9999 -9999 -9999 -9999 26 37 33 26 14 11 15 29 35 19 16 15 14 14 17 14 11 9 8 8 8 8 8 8 8 8 9 9 10 9 9 10 11 11 12 12 12 13 13 13 13 13 13 13 13 14 14 15 16 18 19 20 21 22 23 24 24 25 26 27 28 30 31 32 33 35 37 38 39 40 41 43 44 44 44 44 44 46 47 48 48 48 48 48 49 50 52
-9999 -9999 -9999 -9999 -9999 -9999 -9999 -9999 24 23 34 35 30 16 14 21 36 30 17 13 11 10 8 11 12 11 9 7 7 8 8 8 9 9 9 9 9 9 9 9 9 10 11 11 12 12 12 13 13 13 13 13 13 13 14 15 16 17 19 19 20 20 22 23 24 25 26 27 28 29 31 32 33 34 37 39 40 41 43 43 45 46 46 46 46 47 47 48 49 49 49 50 50 50 52 54
-9999 -9999 -9999 -9999 -9999 -9999 -9999 -9999 22 22 30 34 26 16 13 25 41 26 17 11 8 7 8 11 11 9 8 7 7 7 7 8 9 9 9 10 9 9 8 8 9 10 11 11 11 12 12 12 13 13 12 12 13 14 15 16 17 18 19 20 20 20 21 23 24 25 26 28 29 30 32 33 34 36 38 40 42 43 45 46 47 48 48 48 48 49 49 49 51 52 52 52 52 53 55 57
-9999 -9999 -9999 -9999 -9999 -9999 -9999 -9999 24 23 26 30 18 15 14 17 28 27 22 9 8 8 8 8 8 7 7 7 7 7 7 7 8 9 10 10 10 9 9 9 10 11 11 11 11 11 11 12 12 12 12 12 14 15 16 16 17 18 18 19 19 20 21 23 24 25 26 28 30 31 32 34 35 36 39 41 43 44 46 48 50 51 51 51 51 52 52 51 53 56 57 55 56 57 59 60
-9999 -9999 -9999 -9999 -9999 -9999 -9999 -9999 28 19 14 13 12 13 19 25 35 25 16 10 9 8 7 7 7 7 6 6 6 6 7 7 8 9 10 10 10 10 9 10 10 11 11 11 10 10 10 11 11 11 12 13 15 16 17 17 17 18 18 19 19 19 21 23 24 26 27 29 31 32 33 34 35 37 40 42 45 46 48 51 52 53 53 53 53 55 55 55 57 61 61 59 58 59 60 62
-9999 -9999 -9999 -9999 -9999 -9999 -9999 27 33 33 34 19 11 15 25 39 26 17 11 10 9 9 8 8 7 7 7 6 6 6 7 7 8 9 10 10 10 10 10 10 10 11 11 11 10 9 10 10 11 11 12 13 15 16 17 18 18 18 19 19 19 20 21 23 25 27 28 30 31 32 33 34 36 39 41 44 46 49 51 52 53 54 55 55 56 57 58 59 61 62 62 60 59 59 61 63
-9999 -9999 -9999 -9999 -9999 -9999 -9999 21 30 34 35 19 11 18 39 45 23 13 10 10 9 9 8 8 8 7 7 7 7 7 7 8 9 9 10 10 10 10 10 10 11 11 11 11 10 10 9 10 11 11 12 13 14 16 17 18 19 19 20 20 21 22 23 25 26 28 29 30 31 32 33 35 37 40 43 45 48 50 52 53 52 54 57 59 60 60 61 62 62 63 62 61 58 60 63 66
-9999 -9999 -9999 -9999 -9999 -9999 -9999 20 22 29 25 16 16 21 35 35 21 12 10 10 10 9 8 8 8 8 7 7 7 7 8 8 9 10 10 11 11 11 11 11 11 11 11 12 12 12 11 11 11 12 12 13 15 16 18 19 20 20 21 21 22 24 25 26 27 28 29 31 32 33 34 36 39 41 44 46 47 49 51 51 51 55 59 61 62 62 63 63 63 63 64 64 64 64 66 70
-9999 -9999 -9999 -9999 -9999 -9999 -9999 14 15 20 14 14 15 20 22 22 16 11 10 10 10 9 8 8 8 8 8 8 8 8 8 9 10 10 11 12 12 12 11 12 12 12 12 12 12 13 12 12 12 12 13 14 16 17 19 21 20 21 21 22 24 26 27 26 27 28 30 32 34 35 36 38 40 41 43 44 47 50 51 52 52 55 59 61 61 63 64 63 63 63 64 65 66 67 69 72
-9999 -9999 -9999 -9999 -9999 -9999 -9999 15 15 13 12 14 14 15 18 17 13 11 11 10 10 9 9 9 8 8 8 8 8 8 9 9 10 12 12 12 12 12 12 12 12 12 12 12 12 12 12 12 12 13 13 14 16 18 20 22 22 22 23 25 27 29 28 27 27 29 31 33 35 37 38 39 40 42 43 44 47 50 52 52 53 55 57 56 56 59 63 64 63 64 64 66 68 70 73 76
-9999 -9999 -9999 -9999 -9999 -9999 13 13 13 11 23 19 16 14 17 15 11 10 11 11 10 10 9 9 9 8 8 8 8 9 10 10 12 13 13 13 12 12 13 13 12 12 12 13 13 13 12 12 12 13 14 15 17 18 20 23 23 24 25 26 28 29 29 29 30 31 33 35 36 38 38 39 41 43 45 46 49 51 53 54 54 54 53 48 47 53 61 65 65 65 66 68 71 75 78 80
-9999 -9999 -9999 -9999 -9999 -9999 12 12 12 11 21 21 14 13 15 14 11 11 11 11 10 10 9 9 8 8 8 8 9 10 10 11 12 12 12 12 12 12 12 12 12 12 12 13 13 12 12 12 13 13 15 16 18 20 22 24 25 25 26 26 27 28 29 31 33 34 35 36 37 38 39 41 43 45 47 49 51 53 55 56 57 55 47 35 39 51 60 64 64 66 68 71 74 76 78 81
-9999 -9999 -9999 -9999 -9999 10 10 11 10 11 19 21 14 13 14 13 11 11 11 11 10 9 9 9 9 8 8 9 11 11 11 11 12 12 11 11 11 11 12 12 12 12 12 13 13 13 13 13 13 13 15 17 19 21 25 28 28 27 27 27 27 28 29 32 34 36 37 38 39 40 41 42 45 48 50 52 53 55 57 58 58 57 52 49 50 59 63 66 68 70 73 76 78 79 78 81
-9999 -9999 -9999 -9999 -9999 12 11 10 10 11 20 18 14 12 12 11 11 11 11 11 10 10 9 9 9 8 9 9 10 11 11 11 12 11 11 11 11 11 12 12 12 11 12 12 13 12 13 13 14 14 15 17 18 20 25 28 29 28 27 27 27 28 31 33 35 37 38 39 40 41 42 44 47 50 53 54 55 56 59 61 64 64 64 64 64 66 69 72 74 77 79 81 82 82 81 80
