Example_data/Species_1/M_variables/Set_2/bio_14.asc
ncols         249
nrows         150
xllcorner     -108.16666292027
yllcorner     24.666671082377
cellsize      0.16666667535901
NODATA_value  -9999
[rows 90 to 134 of 150, columns 0 to 95 of 249]
-9999 -9999 -9999 -9999 10 11 10 9 9 11 20 17 15 13 12 10 10 11 11 11 11 10 9 9 8 8 8 9 10 10 11 11 12 12 11 11 11 11 12 12 12 11 11 12 12 13 13 13 14 15 16 18 18 19 22 25 26 27 27 27 28 29 31 34 36 37 38 39 40 41 43 46 49 53 56 57 57 57 61 64 68 70 72 76 75 75 75 76 78 80 83 83 84 83 82 79
-9999 -9999 -9999 -9999 9 9 11 9 9 12 15 17 16 14 12 11 11 10 11 11 11 11 10 10 9 9 8 9 10 10 11 11 12 12 11 11 11 12 12 12 12 12 12 12 13 14 14 14 15 17 18 19 20 20 22 24 26 27 29 30 30 31 32 35 37 38 39 40 41 42 44 47 50 54 57 58 58 59 62 65 69 72 75 79 82 84 83 84 84 84 85 85 84 82 81 80
-9999 -9999 -9999 10 10 10 9 9 10 13 14 15 15 14 15 12 11 10 10 10 10 10 10 10 10 9 9 10 10 11 11 11 12 12 11 11 11 12 12 12 11 11 12 12 14 15 15 16 17 18 20 21 21 22 23 25 27 28 30 31 31 32 33 35 37 39 40 41 42 44 46 48 51 54 57 58 59 60 62 65 69 73 76 77 80 82 84 85 86 86 85 83 83 81 81 81
-9999 -9999 -9999 8 9 11 10 9 10 12 11 13 13 13 13 12 11 9 9 9 10 10 10 10 10 10 10 10 11 11 11 11 12 11 11 11 11 12 12 11 11 11 12 13 15 16 16 17 18 20 21 22 22 23 25 27 27 28 29 31 32 33 34 36 38 40 41 43 46 46 48 50 52 54 57 60 61 61 62 65 68 72 72 74 76 78 81 85 86 85 83 82 82 82 81 81
-9999 -9999 -9999 11 10 10 10 8 9 9 10 12 12 12 12 12 11 9 9 9 9 10 9 9 10 10 10 10 10 11 11 11 11 11 11 11 12 11 11 11 11 11 13 14 15 17 18 19 20 21 22 23 23 23 24 26 27 28 29 31 32 33 35 37 39 40 41 44 46 47 49 50 52 54 57 60 61 61 63 66 69 70 69 72 77 78 82 86 86 85 85 82 81 82 81 81
-9999 -9999 9 9 10 6 6 7 8 8 10 11 11 10 13 11 10 9 9 9 9 9 9 9 10 10 10 10 10 10 10 10 10 11 11 12 11 12 11 11 11 13 14 15 16 18 19 20 20 21 22 23 23 23 24 25 26 27 29 31 33 33 36 38 40 42 43 45 46 47 49 51 53 55 57 59 61 63 63 65 67 69 70 73 77 81 85 89 87 86 85 83 82 82 82 82
-9999 -9999 9 7 10 6 6 7 7 8 9 9 9 10 12 11 12 12 9 9 9 9 8 9 9 10 10 10 9 9 9 10 10 11 11 12 9 12 12 12 13 14 15 16 17 18 19 20 21 22 22 23 23 23 24 25 26 28 30 31 33 34 37 39 41 43 45 46 47 48 50 52 54 56 58 59 61 61 61 64 67 69 71 73 77 81 84 88 88 87 86 83 82 82 82 83
-9999 -9999 9 7 6 6 6 7 7 8 8 7 9 12 16 12 10 11 10 9 9 9 9 9 9 10 10 9 9 9 9 10 10 11 11 12 12 13 13 13 14 15 16 16 17 18 19 20 20 21 22 23 23 24 25 27 28 29 31 32 33 35 37 39 42 44 46 48 47 48 52 55 56 56 56 57 58 58 59 62 66 68 71 74 76 80 82 85 86 86 85 84 83 82 82 83
-9999 12 9 6 6 6 6 7 9 8 6 7 8 11 13 14 12 12 10 9 9 9 9 9 9 9 10 9 9 9 9 9 10 11 11 12 13 13 14 14 15 16 16 17 18 18 19 19 20 21 22 23 24 25 26 28 30 31 33 34 35 36 38 41 42 45 47 48 48 50 53 54 54 54 55 56 56 56 58 61 64 67 70 72 75 78 80 82 83 84 84 83 83 83 82 82
-9999 13 9 7 6 6 6 6 8 7 6 6 7 10 13 13 12 12 10 9 9 9 9 9 9 9 9 9 9 9 9 9 10 11 11 12 13 13 14 15 16 16 16 17 18 19 19 19 20 21 22 24 25 26 28 30 31 33 35 36 37 38 40 41 43 45 46 47 50 51 52 52 52 53 54 54 55 56 57 59 62 66 69 71 74 77 78 80 80 81 81 82 82 83 82 80
-9999 10 10 6 5 5 6 5 6 7 5 6 6 9 13 12 12 12 9 8 8 8 8 9 9 9 9 9 9 9 9 10 11 11 11 12 13 13 14 15 16 17 17 18 18 19 20 20 21 22 23 25 27 28 30 32 34 36 37 36 36 40 41 42 44 46 46 47 50 51 50 50 50 51 51 52 53 55 55 57 61 64 67 70 72 75 77 77 77 78 79 80 81 82 80 78
-9999 7 7 6 5 4 5 5 5 7 5 5 6 8 12 12 11 10 9 8 8 8 8 9 9 9 9 9 8 8 9 10 11 12 12 12 13 13 14 15 16 16 17 17 19 20 21 21 23 25 26 27 29 30 32 33 35 37 39 37 34 40 42 43 44 45 47 47 49 49 48 48 49 49 49 50 51 53 55 57 60 62 65 68 70 72 73 74 74 76 77 78 79 79 77 75
-9999 5 6 5 4 5 5 5 5 6 5 5 6 6 9 9 9 9 9 8 7 8 8 9 9 9 9 8 8 8 9 10 11 12 12 12 13 14 14 15 16 16 17 17 19 21 22 23 24 25 26 28 30 31 31 32 35 37 38 37 37 39 42 44 45 45 46 48 50 47 47 47 47 47 48 48 49 51 53 56 60 62 65 67 68 69 69 71 72 74 77 79 78 78 76 74
5 4 4 4 4 4 5 5 5 6 5 5 6 6 7 7 7 7 7 7 7 7 8 8 8 9 9 9 8 8 9 9 10 11 11 12 13 14 14 15 16 16 17 18 20 22 23 24 25 25 26 28 29 29 31 32 34 36 38 40 40 42 42 44 45 46 46 47 49 47 46 47 47 47 48 49 50 51 53 56 59 62 65 67 68 67 67 68 70 74 77 79 79 79 77 75
4 4 4 4 4 4 4 4 4 6 5 5 5 6 6 6 6 6 5 6 6 7 7 7 7 8 9 9 8 8 8 9 9 10 11 12 13 14 15 15 16 17 17 18 19 22 23 24 25 25 26 27 28 30 31 32 34 36 41 41 41 43 42 43 46 46 47 48 48 48 48 48 47 48 49 49 50 52 53 56 60 63 66 67 68 68 68 69 71 75 78 81 82 82 81 79
4 4 4 4 3 4 4 4 4 4 5 5 5 6 6 5 5 5 5 4 5 6 6 7 7 8 9 9 8 8 8 8 9 9 10 12 13 14 15 15 16 17 18 18 19 21 21 22 23 25 25 27 28 29 31 32 34 36 41 41 42 43 43 44 47 47 48 47 47 47 48 49 49 49 50 51 52 53 54 57 61 64 67 69 70 70 70 71 73 77 80 83 85 86 85 83
4 4 3 3 3 4 4 4 4 4 4 4 5 5 5 5 5 5 5 5 3 5 6 7 7 8 8 8 8 7 7 8 8 9 10 12 13 13 14 15 16 17 18 19 20 20 20 21 23 24 26 27 28 30 32 33 34 34 37 40 41 41 43 45 47 47 47 46 45 46 47 48 50 51 52 53 54 55 55 57 62 66 69 72 73 73 73 75 77 79 82 85 88 88 88 87
4 3 3 3 3 3 4 4 4 5 5 4 4 4 5 5 5 5 4 4 3 5 6 7 7 8 8 8 8 7 7 8 8 8 9 11 12 13 14 14 15 16 17 18 19 20 21 22 24 25 27 28 29 31 33 34 34 34 35 37 39 41 43 46 48 47 46 46 46 46 47 49 52 53 54 55 55 56 57 59 63 67 70 75 76 76 76 79 81 83 85 88 91 92 91 90
-9999 -9999 -9999 -9999 -9999 -9999 -9999 -9999 -9999 -9999 4 3 3 3 4 4 4 4 4 5 4 4 6 6 7 8 8 8 8 8 8 8 8 9 10 11 12 13 13 14 14 15 16 18 18 19 20 22 24 26 27 28 29 31 33 33 32 33 36 37 39 41 44 48 48 46 45 46 47 48 49 51 54 54 55 56 57 57 58 60 64 67 71 75 78 79 79 83 86 87 89 91 93 95 95 94
-9999 -9999 -9999 -9999 -9999 -9999 -9999 -9999 -9999 -9999 -9999 3 2 2 3 4 4 5 4 4 5 5 6 7 7 8 8 8 8 8 9 9 9 9 10 11 12 13 13 14 14 15 16 17 18 19 20 22 23 25 26 27 28 30 31 32 32 34 36 38 40 42 45 47 48 47 46 47 49 50 50 52 55 56 57 58 59 60 61 63 65 68 72 75 78 81 83 86 89 92 94 94 94 94 94 92
-9999 -9999 -9999 -9999 -9999 -9999 -9999 -9999 -9999 -9999 -9999 -9999 2 2 3 4 5 5 5 5 5 6 6 7 7 8 8 8 8 9 9 9 9 9 10 11 12 13 13 14 15 16 17 18 19 19 20 22 23 25 26 27 28 29 30 31 31 32 35 37 38 39 41 45 47 48 47 48 50 52 52 53 57 59 59 61 62 64 65 66 68 70 73 76 79 82 85 88 91 94 97 97 98 98 98 97
-9999 -9999 -9999 -9999 -9999 -9999 -9999 -9999 -9999 -9999 -9999 -9999 -9999 3 3 3 5 5 5 6 6 6 7 7 8 8 8 8 9 9 9 9 9 9 10 11 12 13 13 14 15 16 17 18 19 20 21 22 23 24 25 26 27 28 29 30 31 32 35 37 37 37 40 44 46 47 47 48 50 52 53 54 58 61 63 64 65 68 70 70 71 73 75 77 81 85 88 90 93 96 100 102 104 105 104 102
-9999 -9999 -9999 -9999 -9999 -9999 -9999 -9999 -9999 -9999 -9999 -9999 -9999 -9999 -9999 4 4 5 6 6 6 7 7 8 9 8 9 9 9 9 10 10 10 10 10 11 11 11 13 14 15 17 18 19 20 20 21 22 23 24 24 25 27 28 29 30 31 32 35 38 39 40 41 43 45 46 46 47 49 51 53 55 58 61 65 68 70 72 74 75 76 77 78 79 83 87 90 92 95 99 102 106 110 110 107 104
-9999 -9999 -9999 -9999 -9999 -9999 -9999 -9999 -9999 -9999 -9999 -9999 -9999 -9999 -9999 -9999 5 5 6 6 7 7 7 8 9 9 9 9 9 9 10 10 10 10 11 11 11 11 12 14 15 16 17 18 19 20 21 22 23 23 24 25 26 28 29 29 30 32 35 40 42 43 44 43 44 45 46 47 49 50 53 55 58 62 66 69 74 76 77 79 80 82 82 82 85 90 93 96 96 97 100 105 109 112 108 104
-9999 -9999 -9999 -9999 -9999 -9999 -9999 -9999 -9999 -9999 -9999 -9999 -9999 -9999 -9999 -9999 -9999 -9999 6 6 6 7 7 7 8 8 9 9 9 9 10 10 10 10 10 10 10 11 12 13 15 15 16 17 18 19 21 22 23 23 23 24 27 29 29 31 32 34 36 39 43 44 43 43 43 44 46 47 48 49 52 55 59 63 68 72 77 80 80 82 84 86 87 88 90 94 96 95 94 96 101 106 109 109 106 102
-9999 -9999 -9999 -9999 -9999 -9999 -9999 -9999 -9999 -9999 -9999 -9999 -9999 -9999 -9999 -9999 -9999 -9999 -9999 6 6 7 6 6 6 7 8 9 9 10 10 10 10 10 10 10 10 10 11 13 14 15 15 16 17 19 21 22 23 24 24 26 28 30 31 34 36 37 39 41 42 43 42 42 43 45 45 46 47 49 52 55 59 65 71 77 81 83 84 86 89 91 92 94 95 94 93 94 95 100 98 101 104 105 102 99
-9999 -9999 -9999 -9999 -9999 -9999 -9999 -9999 -9999 -9999 -9999 -9999 -9999 -9999 -9999 -9999 -9999 -9999 -9999 5 6 6 6 6 6 6 8 9 9 8 9 9 9 9 9 9 10 10 11 12 13 14 15 15 17 19 20 22 23 25 26 28 30 31 33 35 37 39 42 43 45 44 38 38 42 45 45 46 48 50 52 55 60 66 73 75 79 84 86 89 89 90 92 93 93 92 91 93 94 91 90 95 99 102 100 98
-9999 -9999 -9999 -9999 -9999 -9999 -9999 -9999 -9999 -9999 -9999 -9999 -9999 -9999 -9999 -9999 -9999 -9999 -9999 -9999 5 5 6 6 6 6 7 8 8 8 8 8 8 8 9 9 9 10 11 12 13 13 14 15 17 19 20 22 24 26 28 30 32 33 34 37 39 43 45 46 47 44 38 37 42 46 49 49 51 53 54 56 60 66 70 73 78 82 84 83 83 85 87 88 88 89 89 91 90 87 89 94 98 100 100 99
-9999 -9999 -9999 -9999 -9999 -9999 -9999 -9999 -9999 -9999 -9999 -9999 -9999 -9999 -9999 -9999 -9999 -9999 -9999 -9999 5 5 6 6 6 6 7 7 7 7 8 8 8 8 8 8 9 9 11 11 11 12 12 14 16 19 21 22 24 26 29 31 33 34 36 38 40 44 46 48 49 44 40 39 43 48 50 53 56 58 59 59 61 63 66 71 75 77 78 78 78 80 82 83 82 84 86 88 89 87 88 91 94 96 98 100
-9999 -9999 -9999 -9999 -9999 -9999 -9999 -9999 -9999 -9999 -9999 -9999 -9999 -9999 -9999 -9999 -9999 -9999 -9999 -9999 4 4 5 5 5 6 7 7 8 8 7 7 7 7 7 7 8 9 10 10 10 10 11 13 15 18 21 23 25 27 29 31 33 34 36 39 42 44 47 47 45 42 40 40 43 46 49 54 59 62 62 60 59 61 64 66 66 69 71 72 74 75 76 77 78 80 82 85 87 86 86 88 90 92 94 96
-9999 -9999 -9999 -9999 -9999 -9999 -9999 -9999 -9999 -9999 -9999 -9999 -9999 -9999 -9999 -9999 -9999 -9999 -9999 -9999 -9999 4 4 4 5 7 7 7 8 8 8 7 7 7 -9999 -9999 -9999 -9999 -9999 9 9 8 9 11 14 17 21 24 26 28 29 30 32 34 36 38 40 41 42 39 40 41 41 41 43 46 52 56 59 60 60 59 59 61 63 65 66 65 64 65 67 69 71 74 76 -9999 -9999 -9999 -9999 -9999 -9999 87 88 89 91 92
-9999 -9999 -9999 -9999 -9999 -9999 -9999 -9999 -9999 -9999 -9999 -9999 -9999 -9999 -9999 -9999 -9999 -9999 -9999 -9999 -9999 -9999 4 4 5 7 7 8 8 8 8 7 7 -9999 -9999 -9999 -9999 -9999 -9999 -9999 8 8 8 12 13 16 20 23 25 27 28 28 30 34 36 36 36 34 36 36 38 41 43 44 47 51 53 56 57 58 58 59 59 60 63 67 67 65 62 59 61 65 -9999 -9999 -9999 -9999 -9999 -9999 -9999 -9999 -9999 -9999 -9999 -9999 -9999 -9999
-9999 -9999 -9999 -9999 -9999 -9999 -9999 -9999 -9999 -9999 -9999 -9999 -9999 -9999 -9999 -9999 -9999 -9999 -9999 -9999 -9999 -9999 -9999 6 6 7 6 6 9 9 7 7 8 -9999 -9999 -9999 -9999 -9999 -9999 -9999 -9999 -9999 10 13 15 17 21 23 24 25 26 27 30 32 34 34 33 32 32 33 34 37 40 42 45 48 51 54 55 56 57 57 59 60 64 70 71 66 60 56 57 -9999 -9999 -9999 -9999 -9999 -9999 -9999 -9999 -9999 -9999 -9999 -9999 -9999 -9999 -9999
-9999 -9999 -9999 -9999 -9999 -9999 -9999 -9999 -9999 -9999 -9999 -9999 -9999 -9999 -9999 -9999 -9999 -9999 -9999 -9999 -9999 -9999 -9999 -9999 -9999 -9999 5 6 6 8 7 7 8 -9999 -9999 -9999 -9999 -9999 -9999 -9999 -9999 -9999 -9999 15 17 19 21 22 23 23 24 26 28 29 30 30 30 30 30 30 31 33 37 40 43 46 49 51 52 53 56 58 58 60 63 69 70 64 60 -9999 -9999 -9999 -9999 -9999 -9999 -9999 -9999 -9999 -9999 -9999 -9999 -9999 -9999 -9999 -9999 -9999
-9999 -9999 -9999 -9999 -9999 -9999 -9999 -9999 -9999 -9999 -9999 -9999 -9999 -9999 -9999 -9999 -9999 -9999 -9999 -9999 -9999 -9999 -9999 -9999 -9999 -9999 -9999 -9999 6 7 7 -9999 -9999 -9999 -9999 -9999 -9999 -9999 -9999 -9999 -9999 -9999 -9999 -9999 17 18 20 21 21 21 22 24 26 27 27 27 27 27 27 27 29 30 33 37 40 43 46 49 49 51 55 57 58 58 60 63 64 62 -9999 -9999 -9999 -9999 -9999 -9999 -9999 -9999 -9999 -9999 -9999 -9999 -9999 -9999 -9999 -9999 -9999 -9999
-9999 -9999 -9999 -9999 -9999 -9999 -9999 -9999 -9999 -9999 -9999 -9999 -9999 -9999 -9999 -9999 -9999 -9999 -9999 -9999 -9999 -9999 -9999 -9999 -9999 -9999 -9999 -9999 -9999 -9999 -9999 -9999 -9999 -9999 -9999 -9999 -9999 -9999 -9999 -9999 -9999 -9999 -9999 -9999 15 18 19 19 20 20 22 23 25 26 25 25 25 25 25 26 27 29 32 34 37 39 42 45 47 48 52 56 55 55 57 59 -9999 -9999 -9999 -9999 -9999 -9999 -9999 -9999 -9999 -9999 -9999 -9999 -9999 -9999 -9999 -9999 -9999 -9999 -9999 -9999
-9999 -9999 -9999 -9999 -9999 -9999 -9999 -9999 -9999 -9999 -9999 -9999 -9999 -9999 -9999 -9999 -9999 -9999 -9999 -9999 -9999 -9999 -9999 -9999 -9999 -9999 -9999 -9999 -9999 -9999 -9999 -9999 -9999 -9999 -9999 -9999 -9999 -9999 -9999 -9999 -9999 -9999 -9999 -9999 -9999 16 17 17 19 20 22 23 23 23 23 22 23 23 24 24 26 29 31 33 35 37 39 42 43 44 49 53 52 52 53 -9999 -9999 -9999 -9999 -9999 -9999 -9999 -9999 -9999 -9999 -9999 -9999 -9999 -9999 -9999 -9999 -9999 -9999 -9999 -9999 -9999
-9999 -9999 -9999 -9999 -9999 -9999 -9999 -9999 -9999 -9999 -9999 -9999 -9999 -9999 -9999 -9999 -9999 -9999 -9999 -9999 -9999 -9999 -9999 -9999 -9999 -9999 -9999 -9999 -9999 -9999 -9999 -9999 -9999 -9999 -9999 -9999 -9999 -9999 -9999 -9999 -9999 -9999 -9999 -9999 -9999 -9999 14 16 18 20 22 23 23 21 21 21 22 23 23 24 25 28 31 33 34 35 37 39 40 42 44 47 -9999 -9999 -9999 -9999 -9999 -9999 -9999 -9999 -9999 -9999 -9999 -9999 -9999 -9999 -9999 -9999 -9999 -9999 -9999 -9999 -9999 -9999 -9999 -9999
-9999 -9999 -9999 -9999 -9999 -9999 -9999 -9999 -9999 -9999 -9999 -9999 -9999 -9999 -9999 -9999 -9999 -9999 -9999 -9999 -9999 -9999 -9999 -9999 -9999 -9999 -9999 -9999 -9999 -9999 -9999 -9999 -9999 -9999 -9999 -9999 -9999 -9999 -9999 -9999 -9999 -9999 -9999 -9999 -9999 -9999 13 14 17 19 22 24 24 22 22 22 22 23 23 24 25 27 30 31 33 34 35 36 37 39 41 -9999 -9999 -9999 -9999 -9999 -9999 -9999 -9999 -9999 -9999 -9999 -9999 -9999 -9999 -9999 -9999 -9999 -9999 -9999 -9999 -9999 -9999 -9999 -9999 -9999
-9999 -9999 -9999 -9999 -9999 -9999 -9999 -9999 -9999 -9999 -9999 -9999 -9999 -9999 -9999 -9999 -9999 -9999 -9999 -9999 -9999 -9999 -9999 -9999 -9999 -9999 -9999 -9999 -9999 -9999 -9999 -9999 -9999 -9999 -9999 -9999 -9999 -9999 -9999 -9999 -9999 -9999 -9999 -9999 -9999 -9999 -9999 14 16 18 21 23 25 23 22 22 23 24 25 25 25 27 29 30 32 33 34 35 36 -9999 -9999 -9999 -9999 -9999 -9999 -9999 -9999 -9999 -9999 -9999 -9999 -9999 -9999 -9999 -9999 -9999 -9999 -9999 -9999 -9999 -9999 -9999 -9999 -9999 -9999 -9999
-9999 -9999 -9999 -9999 -9999 -9999 -9999 -9999 -9999 -9999 -9999 -9999 -9999 -9999 -9999 -9999 -9999 -9999 -9999 -9999 -9999 -9999 -9999 -9999 -9999 -9999 -9999 -9999 -9999 -9999 -9999 -9999 -9999 -9999 -9999 -9999 -9999 -9999 -9999 -9999 -9999 -9999 -9999 -9999 -9999 -9999 -9999 -9999 15 17 19 20 22 21 22 22 23 24 25 25 26 27 28 30 31 32 32 33 -9999 -9999 -9999 -9999 -9999 -9999 -9999 -9999 -9999 -9999 -9999 -9999 -9999 -9999 -9999 -9999 -9999 -9999 -9999 -9999 -9999 -9999 -9999 -9999 -9999 -9999 -9999 -9999
-9999 -9999 -9999 -9999 -9999 -9999 -9999 -9999 -9999 -9999 -9999 -9999 -9999 -9999 -9999 -9999 -9999 -9999 -9999 -9999 -9999 -9999 -9999 -9999 -9999 -9999 -9999 -9999 -9999 -9999 -9999 -9999 -9999 -9999 -9999 -9999 -9999 -9999 -9999 -9999 -9999 -9999 -9999 -9999 -9999 -9999 -9999 -9999 -9999 15 14 16 18 19 20 21 22 23 23 24 26 26 27 28 29 28 30 -9999 -9999 -9999 -9999 -9999 -9999 -9999 -9999 -9999 -9999 -9999 -9999 -9999 -9999 -9999 -9999 -9999 -9999 -9999 -9999 -9999 -9999 -9999 -9999 -9999 -9999 -9999 -9999 -9999
-9999 -9999 -9999 -9999 -9999 -9999 -9999 -9999 -9999 -9999 -9999 -9999 -9999 -9999 -9999 -9999 -9999 -9999 -9999 -9999 -9999 -9999 -9999 -9999 -9999 -9999 -9999 -9999 -9999 -9999 -9999 -9999 -9999 -9999 -9999 -9999 -9999 -9999 -9999 -9999 -9999 -9999 -9999 -9999 -9999 -9999 -9999 -9999 -9999 -9999 13 13 14 16 18 20 21 21 22 23 24 24 24 25 25 26 -9999 -9999 -9999 -9999 -9999 -9999 -9999 -9999 -9999 -9999 -9999 -9999 -9999 -9999 -9999 -9999 -9999 -9999 -9999 -9999 -9999 -9999 -9999 -9999 -9999 -9999 -9999 -9999 -9999 -9999
-9999 -9999 -9999 -9999 -9999 -9999 -9999 -9999 -9999 -9999 -9999 -9999 -9999 -9999 -9999 -9999 -9999 -9999 -9999 -9999 -9999 -9999 -9999 -9999 -9999 -9999 -9999 -9999 -9999 -9999 -9999 -9999 -9999 -9999 -9999 -9999 -9999 -9999 -9999 -9999 -9999 -9999 -9999 -9999 -9999 -9999 -9999 -9999 -9999 -9999 -9999 13 13 14 16 19 19 20 21 21 22 21 21 21 22 23 -9999 -9999 -9999 -9999 -9999 -9999 -9999 -9999 -9999 -9999 -9999 -9999 -9999 -9999 -9999 -9999 -9999 -9999 -9999 -9999 -9999 -9999 -9999 -9999 -9999 -9999 -9999 -9999 -9999 -9999
-9999 -9999 -9999 -9999 -9999 -9999 -9999 -9999 -9999 -9999 -9999 -9999 -9999 -9999 -9999 -9999 -9999 -9999 -9999 -9999 -9999 -9999 -9999 -9999 -9999 -9999 -9999 -9999 -9999 -9999 -9999 -9999 -9999 -9999 -9999 -9999 -9999 -9999 -9999 -9999 -9999 -9999 -9999 -9999 -9999 -9999 -9999 -9999 -9999 -9999 -9999 12 12 14 16 18 18 19 20 20 20 19 18 18 20 -9999 -9999 -9999 -9999 -9999 -9999 -9999 -9999 -9999 -9999 -9999 -9999 -9999 -9999 -9999 -9999 -9999 -9999 -9999 -9999 -9999 -9999 -9999 -9999 -9999 -9999 -9999 -9999 -9999 -9999 -9999
