Example_data/Species_1/M_variables/Set_2/bio_14.asc
ncols         249
nrows         150
xllcorner     -108.16666292027
yllcorner     24.666671082377
cellsize      0.16666667535901
NODATA_value  -9999
[rows 45 to 89 of 150, columns 96 to 191 of 249]
25 25 26 27 27 28 29 30 30 29 28 29 30 32 32 31 31 31 30 30 30 31 32 32 33 35 36 37 -9999 -9999 -9999 -9999 43 44 44 44 44 43 42 41 41 41 41 42 42 43 42 43 44 44 43 43 44 46 48 -9999 -9999 -9999 -9999 -9999 -9999 -9999 -9999 -9999 -9999 -9999 -9999 -9999 52 54 55 57 61 65 68 70 68 67 67 66 66 61 56 55 54 51 52 48 45 44 44 44 46 48 50 53
25 24 25 26 28 28 30 30 29 28 28 29 30 32 32 32 31 31 30 30 30 32 33 33 34 35 37 38 39 -9999 -9999 43 45 46 46 46 45 44 42 41 41 42 42 43 45 46 45 45 45 45 44 43 44 45 46 -9999 -9999 -9999 -9999 -9999 -9999 -9999 -9999 -9999 -9999 49 50 50 52 55 57 61 64 65 68 69 68 67 67 67 67 64 59 58 57 57 55 50 47 44 43 43 43 44 47 52
24 24 24 25 27 29 30 29 28 27 28 30 31 32 32 32 32 31 30 30 31 33 34 35 35 36 36 38 38 40 41 44 47 48 49 48 46 45 43 42 43 43 44 45 45 46 45 45 45 45 45 45 45 44 44 -9999 -9999 -9999 -9999 -9999 -9999 -9999 -9999 51 49 50 53 53 55 57 59 62 64 65 66 67 66 66 66 67 68 68 65 62 60 60 57 54 50 46 43 44 38 40 46 51
23 24 25 25 27 28 29 28 28 27 28 29 30 31 32 32 32 31 31 31 32 33 35 35 35 36 36 37 38 39 41 44 48 49 49 48 47 45 44 44 44 44 44 44 45 45 45 46 46 45 44 45 45 43 42 42 43 45 48 50 51 52 52 52 54 58 59 54 55 56 58 61 63 64 64 64 63 64 66 67 68 69 67 64 62 60 59 57 52 49 47 45 44 45 49 53
23 25 26 27 27 27 27 28 29 31 31 31 31 30 31 31 31 31 32 33 34 34 35 36 36 36 36 37 39 39 41 43 46 47 48 47 46 46 45 45 45 44 43 43 44 44 45 46 45 44 43 43 44 43 43 43 44 46 48 51 52 54 55 55 56 59 57 53 53 55 56 60 62 62 62 63 64 66 66 66 67 69 67 65 63 61 60 58 56 54 52 49 48 50 55 60
25 26 28 28 27 27 27 29 31 33 33 32 32 31 31 31 31 32 34 36 35 35 35 36 36 36 37 38 39 40 41 42 44 46 46 46 46 46 46 46 46 45 43 43 43 44 44 45 45 44 43 44 45 46 46 46 47 48 50 52 52 54 55 55 56 57 55 51 51 54 56 60 62 62 62 63 65 67 68 68 68 68 68 67 64 61 62 60 59 58 58 57 55 55 57 59
27 28 29 29 29 28 28 29 32 34 33 33 33 32 32 33 33 34 36 37 37 36 36 36 37 37 38 39 40 41 42 43 44 45 46 45 46 46 47 47 47 47 45 43 43 44 45 46 46 46 46 46 47 48 48 48 49 50 51 52 52 53 54 54 55 55 54 51 51 53 56 59 59 61 62 62 65 67 69 69 68 69 67 64 62 62 62 61 62 63 63 63 60 59 59 62
28 29 30 30 30 29 29 30 34 35 32 33 34 34 34 35 35 37 38 38 37 36 36 37 38 39 40 40 40 41 43 43 45 45 46 46 46 47 47 48 49 48 46 44 45 46 46 46 46 47 47 48 48 48 49 50 50 51 52 53 52 52 52 54 55 55 54 54 53 55 56 58 59 60 61 62 65 69 71 72 71 68 64 62 63 63 63 64 66 66 66 66 64 62 63 68
28 29 30 31 31 31 32 33 35 34 32 33 35 36 36 37 38 39 39 38 36 36 37 38 39 40 41 41 41 42 43 44 46 47 46 47 48 48 49 49 49 49 48 47 47 47 47 47 47 48 48 49 49 48 49 50 51 52 53 53 52 52 53 54 55 55 55 56 56 56 57 57 58 60 61 61 64 68 73 75 72 68 64 63 62 63 65 65 66 68 69 67 67 66 68 72
28 30 31 31 31 32 34 35 34 33 33 35 38 39 38 39 40 39 39 38 38 38 39 40 41 42 42 42 43 42 42 43 46 48 48 49 50 50 50 50 49 49 49 49 49 48 47 48 48 48 49 50 49 48 48 50 53 54 55 55 54 53 55 56 56 56 56 57 57 57 58 58 59 60 61 62 65 70 76 78 76 70 67 63 62 63 63 63 65 67 69 68 69 69 70 72
29 31 33 34 33 33 34 34 34 35 36 38 39 40 39 39 40 40 40 40 40 40 41 42 44 44 45 44 44 44 43 44 46 49 50 52 53 52 52 51 50 49 49 49 49 50 49 50 51 50 50 50 50 49 50 51 54 56 57 57 56 55 56 57 57 56 57 59 60 60 61 61 60 60 62 64 66 71 76 77 78 75 65 63 63 63 65 66 67 68 69 70 70 68 68 70
30 32 34 36 36 35 34 35 36 38 39 39 39 39 39 39 40 41 42 43 43 43 44 45 46 46 47 47 47 46 46 47 49 51 53 54 54 53 54 53 51 50 48 48 50 52 53 53 53 52 51 51 50 51 52 53 55 57 58 59 58 58 58 58 58 57 59 61 61 62 63 62 61 61 62 66 69 72 78 76 79 71 64 63 65 65 67 70 69 69 70 70 69 67 66 68
32 33 36 37 38 36 35 35 37 39 39 39 39 39 39 40 42 42 44 44 45 46 46 48 48 48 49 49 49 50 51 52 53 54 56 56 55 55 56 55 53 53 52 51 52 54 54 55 55 55 53 53 52 52 53 54 56 58 59 59 58 58 59 59 57 59 62 63 63 65 65 63 63 63 65 68 73 76 73 75 74 64 63 63 65 66 69 68 71 72 71 71 69 66 63 64
33 35 37 38 38 36 35 36 38 38 38 39 39 39 40 41 42 44 46 47 48 48 49 49 50 50 51 52 52 54 55 56 57 58 58 58 57 57 58 58 57 57 56 56 56 56 57 57 57 56 54 55 55 55 54 54 56 57 59 60 58 58 59 59 58 61 65 65 65 67 67 65 64 64 67 74 74 72 72 72 68 65 62 63 63 67 67 71 77 72 71 70 69 69 65 66
35 37 39 39 38 37 36 37 38 38 38 38 39 41 41 42 44 46 47 49 49 50 50 51 52 52 54 54 55 57 58 59 60 60 60 60 59 59 60 60 60 60 59 60 60 59 59 60 60 58 58 58 58 57 56 56 57 58 60 61 59 60 61 60 61 64 66 68 69 71 71 68 66 65 74 76 75 76 72 69 62 62 60 61 63 65 66 70 75 72 71 72 73 73 70 68
36 38 40 40 38 37 37 38 38 38 39 40 41 42 44 45 46 48 48 50 51 52 52 53 54 55 56 56 56 58 60 61 62 62 62 62 62 62 61 62 63 63 63 63 63 62 61 62 62 62 63 62 60 59 58 58 59 60 61 62 62 64 64 63 63 65 67 70 72 75 74 71 69 72 79 81 81 78 71 65 58 59 59 61 62 63 65 71 72 71 71 73 75 76 74 72
37 38 40 40 39 39 39 39 40 39 40 41 42 44 46 47 49 50 51 51 52 53 52 53 54 56 57 57 57 59 60 62 63 63 64 65 66 65 64 63 64 65 65 66 65 64 64 64 65 65 64 64 64 62 61 61 61 61 62 62 64 66 66 66 65 68 70 73 75 77 75 72 73 79 83 85 84 79 67 58 57 58 60 61 61 63 65 68 66 69 72 74 77 78 76 73
37 39 41 41 41 41 41 41 41 41 41 42 44 46 48 49 50 51 51 52 53 53 53 52 53 55 57 57 58 59 60 61 62 65 67 68 66 63 66 66 66 68 68 68 67 67 66 67 68 68 66 66 65 65 64 63 63 63 62 63 65 67 68 68 70 72 74 76 78 79 77 75 77 82 86 88 89 82 65 58 60 58 59 60 61 63 66 66 67 70 72 75 76 76 75 74
38 40 42 43 42 41 41 42 42 43 43 44 46 47 49 50 50 50 50 51 53 54 53 53 54 56 59 60 60 60 60 61 64 68 69 70 68 67 69 69 70 71 71 70 69 68 68 69 70 70 69 68 67 67 65 64 66 65 64 65 67 70 72 74 74 76 77 79 80 82 82 81 83 84 86 90 93 76 60 59 60 59 59 60 62 64 66 67 68 69 72 73 73 73 73 74
39 39 41 42 43 42 42 43 44 45 46 46 47 49 49 49 49 49 49 51 53 54 54 55 56 59 62 63 63 62 63 65 68 69 71 71 69 70 71 72 74 75 74 73 71 71 70 71 72 71 71 69 68 67 66 66 67 68 67 67 69 73 76 77 78 78 79 80 80 82 85 87 90 85 88 87 84 65 60 61 60 60 60 62 65 67 69 68 69 70 71 71 71 71 72 75
39 39 41 42 43 44 44 45 46 47 48 48 49 50 50 50 49 49 50 52 54 55 56 58 61 63 64 66 66 66 68 69 71 72 73 71 70 70 71 73 74 74 74 73 72 72 72 71 71 71 71 70 69 69 67 66 68 71 70 70 72 73 75 76 77 79 80 81 82 83 89 99 102 90 94 91 72 62 64 59 57 61 64 68 66 69 70 69 69 71 71 72 71 72 75 76
39 40 41 42 44 45 46 48 49 50 50 50 51 52 51 50 49 50 52 54 56 57 58 59 63 65 67 68 69 69 70 71 73 75 73 72 70 71 70 72 73 74 73 73 72 71 71 72 72 72 72 71 70 70 70 69 70 71 72 73 72 72 73 74 76 79 80 80 83 88 93 107 105 103 92 84 71 64 69 58 60 64 70 69 69 71 71 71 71 71 72 73 74 76 77 77
40 41 41 43 45 47 49 50 52 52 52 51 52 53 53 52 52 53 55 58 60 61 61 61 63 66 69 71 71 71 71 72 74 75 73 71 70 70 69 70 72 73 73 71 71 71 71 71 71 71 72 72 73 72 72 71 71 70 72 73 73 72 71 72 75 78 79 82 88 92 97 107 104 94 90 80 72 72 61 60 65 69 73 70 72 74 74 73 72 72 71 73 77 78 78 77
42 43 44 46 47 49 50 52 53 54 53 52 52 52 54 55 55 57 59 62 65 66 66 65 65 67 71 73 73 73 73 74 76 75 73 71 69 69 68 70 71 71 71 70 69 69 70 70 71 71 71 72 73 74 73 73 73 72 73 74 75 74 74 74 77 78 78 80 85 91 101 104 91 86 83 74 72 69 63 65 71 73 73 74 75 76 76 75 74 73 72 73 76 78 78 76
45 46 48 48 49 50 51 53 54 55 55 53 52 53 56 58 59 61 64 66 69 72 72 70 70 72 73 72 72 73 73 74 74 74 72 70 69 68 69 70 71 71 71 70 69 68 69 70 71 71 72 72 73 74 74 74 74 74 75 76 77 77 78 78 79 79 77 80 87 94 91 85 85 79 77 73 72 72 70 71 74 74 76 76 76 76 76 76 76 76 75 75 75 75 76 75
48 48 50 50 50 51 52 53 54 57 58 57 55 55 58 61 62 65 67 70 73 72 71 71 71 71 71 72 71 71 72 73 74 74 73 71 69 68 70 72 72 72 72 72 71 70 69 69 70 71 73 74 74 74 75 75 75 75 76 77 78 80 81 81 80 79 76 82 83 81 76 78 78 77 73 75 71 74 80 78 77 77 76 76 76 77 77 77 77 77 77 75 74 74 73 72
49 50 51 51 51 52 53 54 54 59 62 61 60 59 61 64 67 69 72 73 73 72 71 71 70 71 72 72 71 70 71 73 75 75 74 73 71 71 73 73 73 74 75 74 73 71 70 70 70 72 74 75 75 76 75 76 76 76 76 77 80 81 82 81 79 75 75 75 75 71 72 75 70 72 71 73 70 79 78 77 79 78 78 75 75 77 77 77 76 77 76 75 75 74 73 72
51 51 51 51 51 53 55 57 59 64 64 64 65 65 67 69 73 75 75 74 74 74 74 73 72 72 73 73 72 71 72 74 75 76 76 74 74 74 75 75 75 76 77 77 76 73 72 72 73 74 74 75 75 76 77 77 76 76 77 78 80 81 81 80 76 74 74 69 66 67 71 73 72 69 71 73 74 74 76 78 80 80 80 78 78 77 77 77 77 77 76 76 75 74 73 73
51 51 51 51 52 54 58 62 64 67 68 69 70 71 72 74 74 75 74 74 74 75 75 74 75 74 74 75 73 72 72 74 76 77 77 76 75 76 76 77 77 78 79 79 79 77 76 76 76 76 76 77 77 78 78 78 77 77 77 79 80 80 79 77 74 72 71 67 64 72 70 70 71 72 73 76 75 76 78 80 81 82 81 80 79 78 78 78 78 78 78 76 76 75 74 74
52 52 51 51 53 56 60 63 67 70 72 73 75 75 75 75 75 74 74 74 75 76 76 76 77 76 76 75 74 73 73 74 75 76 76 76 77 76 75 75 77 79 80 80 80 79 78 77 76 77 78 79 79 79 79 78 78 78 78 79 80 80 79 76 75 73 70 69 65 64 68 70 73 75 75 76 77 79 81 82 82 82 81 81 79 78 78 79 80 80 78 77 76 74 73 73
54 54 53 54 57 60 63 66 70 73 74 75 75 74 74 75 74 74 75 76 77 77 78 79 79 78 77 76 75 74 75 75 75 75 75 76 77 77 77 77 78 79 80 80 80 80 79 78 77 79 80 81 81 80 78 77 79 78 78 79 80 81 81 81 81 77 72 67 64 66 70 72 75 78 79 79 80 81 82 82 81 82 82 81 80 79 79 80 80 79 78 77 75 72 74 74
54 56 57 58 61 64 68 72 75 74 75 75 75 75 74 75 75 76 77 79 81 82 82 81 81 79 77 75 75 75 76 76 77 76 76 76 77 78 78 79 79 79 79 79 80 80 80 78 78 80 81 83 82 80 80 81 77 81 77 77 81 84 85 80 80 75 70 66 67 71 73 76 81 82 82 82 83 82 81 81 79 81 82 80 79 79 79 80 79 78 77 76 74 73 73 72
56 59 60 63 66 70 75 76 75 75 74 74 75 75 75 76 77 78 80 82 84 86 85 84 82 80 77 74 73 75 76 76 77 76 77 79 80 80 81 80 79 80 81 81 81 82 82 80 79 81 82 81 81 77 74 73 73 71 73 76 80 83 84 86 85 80 73 70 72 75 79 85 85 84 83 82 82 82 81 80 79 80 81 79 79 78 79 79 78 77 76 75 75 74 74 74
59 62 65 68 72 76 77 76 75 75 74 74 74 74 75 78 79 80 82 83 85 87 87 85 82 80 77 75 74 75 75 76 76 77 79 81 83 83 83 81 80 80 80 83 84 86 86 84 81 83 82 79 76 73 70 68 67 67 68 74 79 89 90 93 87 81 76 76 80 84 87 88 86 83 80 79 79 79 80 80 79 79 79 79 79 79 79 78 76 76 75 74 75 75 76 75
62 64 68 72 76 79 76 75 74 75 75 75 74 74 75 78 80 82 83 84 85 85 86 85 82 81 78 76 76 76 76 75 75 75 77 81 83 85 83 82 82 81 82 84 85 87 88 87 83 80 78 75 73 70 67 65 66 67 68 74 88 91 94 95 90 87 83 83 84 84 86 86 82 79 77 78 78 79 80 79 79 78 79 80 80 79 79 76 76 75 74 73 74 74 75 75
64 66 69 73 78 79 75 71 72 75 76 75 75 73 74 76 79 81 82 83 83 84 85 84 83 81 80 79 79 78 76 74 70 70 75 80 83 83 84 85 84 85 86 85 85 88 89 88 80 78 76 73 69 67 65 64 66 67 75 84 94 96 99 97 92 88 88 85 83 82 81 79 77 77 77 77 79 81 81 80 79 78 79 80 80 79 76 75 74 73 72 73 73 74 75 73
65 67 69 73 78 80 75 68 72 76 77 74 71 68 70 74 77 79 80 80 81 83 85 84 83 82 81 81 80 80 79 75 70 68 73 81 84 84 85 86 87 89 87 86 86 86 87 82 78 77 73 70 68 65 64 65 71 82 87 96 102 101 98 94 91 91 92 86 82 79 78 76 77 76 76 77 78 81 82 80 78 78 79 80 78 76 74 74 73 72 72 72 73 74 75 75
67 68 69 74 79 81 78 75 76 79 78 74 69 64 68 72 75 76 77 77 79 82 84 85 83 82 81 81 81 82 82 79 75 72 74 81 86 87 85 85 87 89 87 88 88 85 82 80 77 74 73 70 68 68 67 70 73 90 95 98 101 100 94 89 91 89 87 83 80 79 78 78 77 76 77 78 79 81 82 79 77 77 79 78 76 74 73 72 72 72 72 73 75 76 77 80
71 71 72 76 82 81 79 78 78 77 78 75 70 68 69 73 74 74 74 75 78 81 83 84 83 83 82 82 83 84 85 83 81 79 80 84 88 87 84 86 89 89 88 89 86 85 83 81 77 76 78 78 80 94 85 91 76 77 100 109 98 96 91 90 87 86 84 82 80 78 78 78 78 76 77 78 79 80 79 78 77 77 78 77 76 74 73 72 72 73 74 75 77 79 80 83
74 76 77 80 84 81 80 79 78 77 78 75 72 70 71 73 73 73 73 74 76 79 82 82 82 83 84 85 86 87 87 85 84 84 86 88 89 87 87 92 93 88 90 86 86 87 86 82 81 88 97 108 116 111 105 90 87 83 93 97 99 98 100 93 87 84 83 81 81 80 79 78 78 77 77 77 78 77 76 77 78 78 77 76 75 75 73 73 73 74 76 78 79 81 84 85
78 79 81 83 84 81 80 79 78 79 77 75 73 72 73 74 74 74 74 75 77 80 81 81 81 82 83 85 88 90 90 89 88 88 89 89 89 92 97 95 92 91 87 86 87 88 87 85 96 96 96 95 99 101 123 123 120 99 100 104 97 95 94 89 86 83 82 80 79 79 78 78 77 78 77 77 76 76 74 74 75 77 76 75 75 75 74 73 74 76 78 80 82 83 84 85
82 84 85 84 83 81 80 80 80 80 77 75 73 73 74 75 76 76 76 76 79 80 81 81 82 82 84 85 88 90 89 88 87 87 88 89 89 94 98 95 91 91 85 87 88 89 90 93 104 105 108 115 105 119 129 144 128 121 113 107 98 95 91 88 86 83 80 79 80 78 78 77 76 75 76 76 76 73 70 69 72 75 75 75 74 74 75 74 75 77 79 82 82 82 83 85
83 84 83 82 81 80 80 81 82 81 78 76 74 74 76 78 78 79 79 79 80 79 81 82 82 83 83 83 86 88 88 87 86 86 87 89 93 94 92 88 90 84 86 89 89 93 93 93 92 97 111 127 119 138 148 139 137 118 108 101 95 91 89 87 85 84 80 78 79 78 77 75 73 72 74 74 75 73 69 68 71 74 74 73 73 74 75 75 76 78 80 80 80 81 81 83
81 81 80 79 78 78 78 80 81 80 79 78 77 77 78 80 82 82 82 81 81 80 82 82 82 81 80 81 84 86 87 88 87 86 87 90 91 88 87 90 89 85 88 90 92 103 97 96 98 103 112 121 124 126 124 111 109 105 99 91 87 84 85 85 84 83 81 79 79 79 77 75 73 73 73 73 74 73 70 70 71 72 72 72 72 73 74 76 78 79 80 77 77 79 80 82
79 77 77 76 75 75 76 77 78 78 77 77 80 79 80 82 84 84 83 83 82 81 82 83 82 81 79 79 82 85 86 86 85 85 84 86 84 82 88 88 89 87 89 89 92 99 102 105 108 111 115 114 115 110 109 104 101 98 90 87 86 84 85 84 82 82 81 79 79 79 77 75 73 72 73 71 73 73 70 70 71 71 70 70 70 71 74 76 79 80 78 76 75 77 79 -9999
