Example_data/Species_1/M_variables/Set_1/bio_2.asc
ncols         249
nrows         150
xllcorner     -108.16666292027
yllcorner     24.666671082377
cellsize      0.16666667535901
NODATA_value  -9999
[rows 39 to 77 of 150, columns 0 to 88 of 249]
-9999 -9999 -9999 -9999 -9999 -9999 -9999 -9999 -9999 -9999 -9999 -9999 -9999 -9999 -9999 -9999 -9999 -9999 -9999 -9999 -9999 163 166 166 168 169 170 169 166 163 161 161 160 159 158 156 155 153 153 153 153 153 152 150 149 148 147 145 143 142 141 142 143 143 141 140 138 137 135 135 132 132 132 131 132 131 132 132 131 130 129 129 128 127 126 124 123 122 121 120 120 120 119 119 118 117 117 116 115
-9999 -9999 -9999 -9999 -9999 -9999 -9999 -9999 -9999 -9999 -9999 -9999 -9999 -9999 -9999 -9999 -9999 -9999 -9999 -9999 158 159 162 164 166 169 170 168 165 162 160 160 159 158 156 155 155 154 153 153 153 152 150 150 150 149 148 146 142 140 139 141 142 141 141 139 137 136 136 135 134 133 132 129 130 132 133 134 132 130 129 128 128 127 127 126 124 122 121 121 121 121 120 120 119 119 118 117 116
-9999 -9999 -9999 -9999 -9999 -9999 -9999 -9999 -9999 -9999 -9999 -9999 -9999 -9999 -9999 -9999 -9999 -9999 -9999 158 157 157 161 161 160 162 164 163 164 161 158 156 156 158 157 157 157 155 154 153 153 152 152 151 149 149 147 146 143 140 139 139 140 139 139 138 137 136 136 136 135 133 131 129 128 131 133 135 133 130 128 128 127 127 127 127 125 122 121 121 122 121 121 120 120 120 119 118 117
-9999 -9999 -9999 -9999 -9999 -9999 -9999 -9999 -9999 -9999 -9999 -9999 -9999 -9999 -9999 -9999 -9999 -9999 -9999 163 159 157 164 165 165 166 165 163 159 155 152 154 158 160 159 157 156 154 154 153 152 152 151 150 148 148 148 147 144 140 139 139 139 138 138 137 137 136 136 136 136 134 132 130 129 130 131 132 132 131 127 127 126 126 127 127 125 122 122 123 123 122 121 121 121 120 120 119 119
-9999 -9999 -9999 -9999 -9999 -9999 -9999 -9999 -9999 -9999 -9999 -9999 -9999 -9999 -9999 -9999 -9999 -9999 161 165 163 166 170 169 169 172 169 163 158 154 151 155 159 160 158 156 155 153 153 152 152 152 152 152 152 152 151 150 148 144 142 141 140 139 139 138 138 138 137 137 137 136 135 133 131 131 131 132 131 130 127 126 126 126 126 126 125 123 123 124 123 122 122 122 122 121 120 120 119
-9999 -9999 -9999 -9999 -9999 -9999 -9999 -9999 -9999 -9999 -9999 -9999 -9999 -9999 -9999 -9999 -9999 156 163 166 171 173 172 173 171 169 165 161 157 153 151 154 158 159 158 156 155 153 152 152 151 152 152 153 155 157 156 154 153 150 146 143 142 141 140 140 139 139 139 138 137 137 136 135 132 131 131 132 131 130 129 128 126 125 125 124 123 123 123 124 124 123 123 123 123 122 121 120 119
-9999 -9999 -9999 -9999 -9999 -9999 -9999 -9999 -9999 -9999 -9999 -9999 -9999 -9999 -9999 -9999 -9999 158 165 166 167 171 175 175 172 168 163 159 157 155 156 157 158 159 158 156 155 153 152 151 152 152 153 155 156 157 157 157 156 153 149 147 145 143 142 141 141 141 140 139 139 138 137 134 132 131 132 132 131 131 129 128 127 125 123 122 120 121 122 124 125 125 124 124 124 124 121 120 119
-9999 -9999 -9999 -9999 -9999 -9999 -9999 -9999 -9999 -9999 -9999 -9999 -9999 -9999 -9999 -9999 149 157 160 162 163 170 175 174 172 168 164 160 159 157 157 159 160 160 159 157 155 153 152 152 152 152 153 154 156 157 157 157 155 153 151 149 147 145 143 143 142 142 142 141 140 138 136 135 133 132 131 131 130 129 128 127 127 124 122 121 119 120 122 123 125 125 124 124 124 123 121 120 118
-9999 -9999 -9999 -9999 -9999 -9999 -9999 -9999 -9999 -9999 -9999 -9999 -9999 -9999 -9999 -9999 149 152 152 156 158 160 166 170 168 165 162 162 163 164 163 161 161 161 160 158 156 154 152 152 152 152 153 154 155 155 155 155 154 153 152 149 148 147 145 144 144 144 143 142 141 139 137 135 133 131 131 130 129 128 127 126 126 123 123 122 120 122 123 124 124 125 124 124 124 121 120 118 118
-9999 -9999 -9999 -9999 -9999 -9999 -9999 -9999 -9999 -9999 -9999 -9999 -9999 -9999 -9999 148 144 148 150 152 155 157 160 164 163 163 162 161 162 165 167 167 165 162 161 159 156 154 152 151 151 152 153 154 154 154 154 153 152 152 151 149 148 147 146 145 144 145 144 142 140 139 137 134 131 129 129 129 129 127 126 123 123 123 123 122 122 124 124 125 124 124 124 124 123 121 118 118 118
-9999 -9999 -9999 -9999 -9999 -9999 -9999 -9999 -9999 -9999 -9999 -9999 -9999 -9999 -9999 150 143 146 147 148 151 155 157 159 159 161 160 160 161 162 164 164 164 165 164 162 158 154 152 150 151 153 153 153 153 152 152 151 151 149 149 148 147 147 146 144 143 143 141 139 138 137 136 134 130 127 127 128 128 128 126 122 118 119 121 123 125 125 126 126 125 123 123 123 123 122 120 120 120
-9999 -9999 -9999 -9999 -9999 -9999 -9999 -9999 -9999 -9999 -9999 -9999 -9999 -9999 -9999 151 142 145 146 146 150 156 160 164 165 165 163 162 163 163 164 164 164 163 162 161 159 156 152 151 153 154 155 153 152 151 150 149 148 148 148 146 146 146 146 145 143 140 137 136 135 135 134 133 129 126 124 125 128 129 126 122 119 118 120 123 126 127 127 127 125 124 122 122 122 122 122 122 121
-9999 -9999 -9999 -9999 -9999 -9999 -9999 -9999 -9999 -9999 -9999 -9999 -9999 -9999 155 149 146 145 146 147 150 158 164 168 169 168 166 164 163 163 163 163 163 162 162 162 160 157 155 154 156 156 155 153 152 152 151 148 147 145 145 145 145 145 146 146 143 139 135 134 133 132 132 131 129 126 124 125 127 128 128 125 122 120 121 123 126 127 127 128 127 124 121 120 121 122 122 123 123
-9999 -9999 -9999 -9999 -9999 -9999 -9999 -9999 -9999 -9999 -9999 -9999 -9999 -9999 146 149 151 150 151 153 156 162 168 172 171 171 169 168 166 163 163 163 163 162 161 161 160 158 158 158 158 158 156 154 152 151 151 149 148 146 144 142 142 143 144 144 141 138 135 133 132 131 131 130 129 127 125 125 126 127 128 127 126 123 124 124 125 126 126 127 126 123 121 120 121 121 122 123 122
-9999 -9999 -9999 -9999 -9999 -9999 -9999 -9999 -9999 -9999 -9999 -9999 -9999 -9999 143 151 153 154 157 157 161 165 171 175 175 175 173 170 166 165 163 161 160 159 160 161 161 160 160 160 160 159 157 155 155 155 153 150 148 146 143 141 140 140 141 142 140 138 136 134 133 132 131 130 129 128 127 126 126 126 129 131 129 127 126 125 124 125 125 126 125 123 121 120 119 120 122 123 122
-9999 -9999 -9999 -9999 -9999 -9999 -9999 -9999 -9999 -9999 -9999 -9999 -9999 142 138 143 149 154 159 160 163 167 173 175 175 175 172 168 166 163 159 157 159 160 162 163 162 161 160 161 161 159 155 155 156 157 157 154 151 147 143 140 138 138 139 140 139 138 136 135 134 134 132 131 130 129 128 127 127 128 130 133 133 129 128 126 125 125 126 126 125 123 122 120 119 120 122 124 122
-9999 -9999 -9999 -9999 -9999 -9999 -9999 -9999 -9999 -9999 -9999 -9999 -9999 140 132 146 152 156 161 161 163 167 171 174 175 173 171 168 165 161 158 158 160 162 162 162 161 161 160 160 160 160 157 157 157 157 156 156 155 153 148 142 137 137 138 139 139 138 138 137 135 135 132 131 131 131 131 131 130 130 131 133 133 131 129 128 127 126 127 127 126 124 123 122 122 123 124 124 123
-9999 -9999 -9999 -9999 -9999 -9999 -9999 -9999 -9999 -9999 -9999 -9999 -9999 157 141 142 156 158 162 162 162 165 169 172 173 171 169 167 163 158 158 161 163 163 162 161 160 160 160 160 160 159 159 160 158 155 156 158 158 157 154 148 142 140 140 140 140 139 138 136 135 134 133 132 133 133 133 133 132 131 130 132 132 131 131 130 129 127 127 127 125 124 124 124 126 125 126 124 124
-9999 -9999 -9999 -9999 -9999 -9999 -9999 -9999 -9999 -9999 -9999 -9999 -9999 166 148 137 158 158 159 159 159 162 166 169 171 170 168 166 162 159 160 162 164 164 163 161 161 161 161 161 161 161 160 159 155 152 154 156 157 159 157 151 148 146 144 143 142 141 140 138 135 134 132 132 133 134 135 134 133 132 130 130 131 131 131 131 129 128 126 125 125 123 124 125 126 126 125 124 123
-9999 -9999 -9999 -9999 -9999 -9999 -9999 -9999 -9999 -9999 -9999 -9999 161 149 145 147 160 159 154 155 156 159 164 168 171 170 168 167 164 161 162 163 164 164 163 162 161 160 161 160 159 159 159 158 156 155 155 156 155 155 154 152 149 148 147 144 142 141 140 139 137 135 132 131 132 134 135 135 133 132 129 129 130 129 129 130 128 126 124 124 124 124 124 125 125 126 124 124 123
-9999 -9999 -9999 -9999 -9999 -9999 -9999 -9999 -9999 -9999 -9999 -9999 153 128 134 154 163 166 154 153 153 157 162 168 171 170 169 167 165 163 164 164 165 165 163 163 162 161 160 158 158 159 160 158 157 157 156 155 154 152 151 152 152 153 152 149 145 144 142 139 138 135 132 131 131 133 135 135 133 131 130 128 128 128 129 129 127 124 122 124 124 125 124 125 125 125 125 124 123
-9999 -9999 -9999 -9999 -9999 -9999 -9999 -9999 -9999 -9999 -9999 -9999 155 137 128 137 163 173 161 162 160 160 162 166 169 168 169 166 165 166 166 166 166 165 164 164 163 160 158 158 157 157 157 157 156 156 156 154 153 152 151 152 153 154 153 152 150 147 145 142 140 136 132 130 132 133 134 133 132 131 128 127 127 127 129 128 126 123 123 122 124 126 124 123 123 124 124 122 122
-9999 -9999 -9999 -9999 -9999 -9999 -9999 -9999 -9999 -9999 -9999 -9999 132 139 151 149 173 181 175 171 167 163 163 165 166 167 165 164 166 167 168 168 167 165 162 160 160 159 158 157 157 156 156 155 154 155 155 154 152 151 151 152 152 152 152 152 151 148 146 144 141 137 132 130 131 133 133 132 132 130 128 128 127 127 127 127 124 122 122 121 119 121 121 122 123 124 124 122 122
-9999 -9999 -9999 -9999 -9999 -9999 -9999 -9999 -9999 -9999 -9999 -9999 140 161 164 154 156 184 173 174 168 164 163 164 166 166 166 167 167 169 170 169 168 165 162 159 159 159 159 158 158 157 155 153 153 154 155 153 151 149 149 149 147 146 147 147 147 146 145 145 143 139 136 133 132 133 133 131 130 131 130 130 127 127 125 123 122 120 120 119 113 112 118 122 123 125 124 123 122
-9999 -9999 -9999 -9999 -9999 -9999 -9999 -9999 -9999 -9999 -9999 -9999 154 173 172 163 169 171 168 167 166 162 162 164 166 167 168 170 172 171 170 170 168 166 163 161 161 162 162 162 161 159 157 154 153 155 154 153 151 149 148 148 147 146 146 146 145 146 146 146 144 140 137 134 133 133 132 130 128 128 128 127 127 125 123 121 120 118 118 116 112 112 117 121 124 123 123 121 120
-9999 -9999 -9999 -9999 -9999 -9999 -9999 -9999 -9999 -9999 -9999 -9999 166 174 172 168 167 165 154 164 162 160 163 165 170 171 172 174 175 175 175 174 173 168 165 164 164 165 166 166 165 164 162 158 157 157 156 155 152 150 149 149 147 146 145 143 142 143 144 144 143 139 134 132 133 134 133 130 127 126 126 126 124 124 121 119 118 118 118 116 114 113 118 122 123 124 122 121 120
-9999 -9999 -9999 -9999 -9999 -9999 -9999 -9999 -9999 -9999 -9999 -9999 176 168 164 165 167 168 149 157 160 161 166 168 172 175 177 177 177 177 177 178 177 172 167 166 166 167 167 166 165 165 164 163 162 161 159 157 154 153 152 151 150 148 145 142 140 141 142 142 140 137 133 130 132 133 132 130 128 127 126 125 125 125 123 121 120 120 118 117 117 116 121 124 126 125 124 120 121
-9999 -9999 -9999 -9999 -9999 -9999 -9999 -9999 -9999 -9999 -9999 -9999 177 171 165 167 175 174 167 165 166 168 171 172 175 179 182 180 180 178 178 177 177 175 171 169 169 170 169 168 166 165 163 162 161 161 158 156 155 153 152 151 150 148 144 141 139 139 139 139 139 137 134 131 131 131 131 130 129 128 128 127 127 127 126 125 124 124 122 122 121 121 125 126 127 127 126 125 124
-9999 -9999 -9999 -9999 -9999 -9999 -9999 -9999 -9999 -9999 -9999 -9999 166 166 176 177 177 174 172 171 170 172 175 177 179 182 184 182 181 180 178 177 177 177 174 171 171 171 171 169 167 165 163 162 160 159 158 156 156 155 153 151 149 147 144 140 139 138 138 137 136 135 134 131 130 130 131 131 130 130 129 129 129 128 128 126 125 125 124 124 125 125 126 128 129 130 130 129 128
-9999 -9999 -9999 -9999 -9999 -9999 -9999 -9999 -9999 -9999 -9999 -9999 164 169 157 175 176 168 172 173 174 177 179 181 182 184 184 182 180 180 179 178 179 179 177 174 173 172 172 170 166 164 162 161 159 158 158 157 156 155 153 151 149 146 143 140 138 138 137 136 135 134 133 131 129 130 131 132 132 131 129 129 129 130 129 127 126 124 124 125 126 127 129 129 129 131 131 130 130
-9999 -9999 -9999 -9999 -9999 -9999 -9999 -9999 -9999 -9999 -9999 -9999 169 173 161 155 172 158 161 171 174 175 179 182 184 185 185 180 179 181 181 180 181 181 179 177 175 175 173 170 166 162 161 159 157 158 158 156 154 153 152 150 148 146 143 141 139 138 137 136 135 133 132 130 129 128 130 131 132 131 130 131 131 129 129 127 124 123 124 124 126 128 130 131 132 132 130 129 129
-9999 -9999 -9999 -9999 -9999 -9999 -9999 -9999 -9999 -9999 -9999 172 175 176 176 153 162 165 155 169 172 173 175 181 184 185 184 181 178 179 179 178 178 178 177 176 175 175 175 171 166 163 160 159 157 157 157 155 152 150 149 148 147 144 143 141 140 139 138 136 135 133 131 129 127 126 128 130 132 132 133 133 132 130 128 126 124 123 123 125 126 129 132 132 133 133 133 130 128
-9999 -9999 -9999 -9999 -9999 -9999 -9999 -9999 -9999 -9999 -9999 178 182 182 180 171 161 170 171 170 171 170 171 178 183 184 182 179 178 178 176 175 174 174 174 174 174 174 173 170 168 164 161 159 159 159 159 156 150 147 147 146 145 143 142 142 141 140 139 137 135 133 130 127 125 124 127 130 131 131 134 135 133 131 129 126 124 123 123 125 125 128 130 131 131 134 134 131 130
-9999 -9999 -9999 -9999 -9999 -9999 -9999 -9999 -9999 -9999 167 179 186 187 185 171 153 162 168 170 168 168 170 175 179 181 180 179 176 174 173 171 171 172 172 172 172 172 172 171 168 165 161 160 159 159 158 155 152 149 147 145 143 141 142 143 143 142 140 137 135 132 130 127 125 123 126 129 131 131 134 135 134 133 131 128 125 124 124 124 125 126 127 128 129 130 132 132 131
-9999 -9999 -9999 -9999 -9999 -9999 -9999 -9999 -9999 -9999 152 173 188 191 189 185 177 162 163 163 167 167 169 173 176 179 177 174 171 170 169 169 169 170 171 172 171 171 170 169 166 164 162 160 159 159 159 158 154 151 150 148 144 143 145 146 145 143 140 137 135 132 130 128 127 127 129 130 131 132 134 136 135 134 132 129 126 124 125 124 124 124 125 126 127 127 130 130 129
-9999 -9999 -9999 -9999 -9999 -9999 -9999 -9999 -9999 146 158 174 186 189 188 185 178 155 156 169 168 166 168 173 175 175 172 169 167 167 167 168 168 169 170 170 170 169 168 166 163 161 160 160 159 159 160 160 158 156 156 153 148 145 147 147 147 147 143 139 135 133 132 131 130 130 131 132 132 134 136 136 135 135 133 132 129 127 125 123 123 123 125 127 126 124 127 128 126
-9999 -9999 -9999 -9999 -9999 -9999 -9999 -9999 -9999 154 157 169 182 186 185 184 176 153 165 171 170 167 163 168 171 169 168 166 166 168 168 169 169 169 170 170 169 168 166 164 161 160 159 158 159 160 160 159 160 160 159 156 152 149 150 151 148 147 144 140 136 134 134 133 132 131 132 132 133 135 138 137 136 135 133 133 131 129 127 126 125 124 125 127 126 125 125 127 128
-9999 -9999 -9999 -9999 -9999 -9999 -9999 -9999 -9999 177 158 165 175 181 183 180 166 157 174 173 170 168 165 162 163 163 167 168 169 169 169 170 171 171 171 169 167 166 165 163 162 160 159 159 159 159 159 157 157 157 157 156 154 151 149 149 149 147 144 141 137 136 135 133 132 131 130 132 133 134 136 137 136 135 133 133 131 129 129 130 129 127 129 128 127 124 125 130 133
-9999 -9999 -9999 -9999 -9999 -9999 -9999 -9999 183 184 164 163 171 179 179 175 161 165 178 178 175 176 175 168 164 162 165 167 167 165 165 167 168 169 169 167 166 165 164 164 163 162 161 161 160 159 159 157 155 155 153 154 153 153 152 148 147 145 143 141 137 137 136 134 132 130 129 131 133 134 136 136 135 135 133 133 131 131 131 131 131 130 130 130 129 127 131 135 136
