Example_data/Species_1/M_variables/Set_1/bio_11.asc
ncols         249
nrows         150
xllcorner     -108.16666292027
yllcorner     24.666671082377
cellsize      0.16666667535901
NODATA_value  -9999
[rows 88 to 131 of 150, columns 0 to 95 of 249]
-9999 -9999 -9999 -9999 -9999 20 22 22 25 23 5 -3 3 1 -4 -3 4 14 23 29 37 38 34 32 29 36 37 36 30 31 31 30 28 28 29 30 33 36 35 35 33 31 35 35 38 42 45 47 46 45 44 43 42 40 40 39 38 39 44 45 45 46 48 48 48 49 48 48 48 48 48 48 49 50 52 53 52 51 52 51 50 48 48 49 51 47 45 44 43 42 45 50 53 54 55 54
-9999 -9999 -9999 -9999 -9999 10 20 23 23 21 -1 3 6 5 2 0 5 14 22 30 35 38 38 35 31 32 32 32 32 33 33 31 30 29 28 29 31 33 33 32 33 37 39 41 41 45 49 52 51 48 48 47 46 45 43 41 38 42 49 49 48 48 49 49 50 51 49 47 48 49 50 49 50 51 52 53 54 53 51 49 46 45 46 48 49 47 44 42 42 43 46 53 56 56 57 57
-9999 -9999 -9999 -9999 11 13 22 24 24 21 -1 6 9 9 4 4 8 15 24 31 36 38 37 39 37 36 36 35 35 36 35 33 31 29 28 29 31 33 34 33 32 35 41 45 48 50 52 54 53 51 50 50 50 48 46 45 46 49 53 53 51 49 50 51 52 52 50 47 47 50 51 51 51 51 52 53 55 55 52 49 47 45 48 49 49 46 44 43 44 46 50 55 57 58 59 59
-9999 -9999 -9999 -9999 14 20 19 27 26 20 15 9 11 11 10 11 11 19 25 31 37 40 40 44 43 42 40 39 38 38 36 35 34 32 31 31 32 35 36 35 33 32 39 45 48 50 53 54 54 53 53 52 51 50 47 48 51 53 55 55 53 52 52 53 53 52 53 50 51 51 53 53 52 53 54 56 58 57 56 54 51 50 50 49 46 45 45 44 46 50 54 57 59 60 60 61
-9999 -9999 -9999 -6 1 16 25 30 26 19 18 16 18 15 7 11 17 24 31 36 41 43 44 46 44 41 41 43 42 40 38 38 37 36 34 33 35 38 41 40 37 36 42 47 50 52 53 54 54 54 53 52 52 51 51 52 54 56 57 57 57 56 57 56 56 58 59 58 57 56 55 55 56 57 58 60 61 61 61 59 55 52 51 51 50 49 49 50 52 55 58 60 59 61 62 63
-9999 -9999 -9999 -3 3 8 21 33 28 23 27 22 22 20 16 17 24 32 38 42 44 46 47 47 45 43 42 42 41 41 39 38 38 37 37 37 39 42 45 43 39 38 41 48 51 52 52 52 52 53 55 54 53 53 53 55 57 59 60 59 59 60 60 60 59 61 62 62 60 59 58 58 58 60 61 62 64 64 64 63 58 56 55 55 54 53 54 54 57 59 61 61 60 60 62 64
-9999 -9999 -9999 -11 1 11 18 36 35 34 31 22 24 28 21 20 27 36 44 47 47 46 47 48 46 42 41 41 40 39 39 39 39 39 40 42 44 46 46 45 43 42 44 48 51 51 51 52 53 55 56 56 55 55 56 59 61 62 62 60 61 63 63 63 63 64 65 65 64 61 60 60 61 61 62 64 65 66 65 63 60 60 59 60 60 60 59 59 61 62 63 61 60 60 62 63
-9999 -9999 -5 -3 1 30 38 41 39 39 29 25 31 33 19 20 29 37 45 48 49 49 48 47 45 44 41 40 40 39 39 39 40 41 43 46 49 50 50 48 48 49 48 49 51 51 53 53 54 56 59 59 58 56 58 61 64 65 64 62 63 66 66 64 64 65 67 67 68 65 63 62 62 62 62 62 64 65 66 65 63 63 63 65 67 69 64 61 64 65 64 63 62 61 61 62
-9999 -9999 -2 12 2 36 47 44 43 43 34 39 42 33 19 18 15 25 44 50 51 50 48 46 45 44 41 39 39 39 39 40 41 42 44 48 53 53 52 51 52 53 54 54 54 54 54 55 57 60 64 64 61 57 59 64 67 68 66 65 66 69 68 66 66 67 68 68 68 67 64 63 62 62 62 63 64 66 68 67 66 66 67 69 72 73 70 66 66 67 66 65 64 63 63 62
-9999 -9999 4 18 35 47 47 46 43 39 43 50 46 23 -1 20 27 37 44 51 52 53 50 47 46 45 41 40 39 39 40 41 42 44 46 49 52 52 52 54 56 58 58 57 56 56 56 58 61 65 68 68 64 61 62 65 68 68 67 67 68 70 70 68 67 67 67 67 68 68 66 64 63 63 63 64 65 67 68 69 69 69 69 70 73 74 72 69 69 69 69 68 67 66 64 64
-9999 -9 10 32 47 55 51 46 30 35 52 55 53 32 12 11 24 36 43 50 54 55 54 50 49 47 42 42 41 41 43 44 45 48 49 51 52 52 52 54 58 60 61 60 59 58 59 61 64 68 70 70 66 62 63 66 68 66 66 67 69 71 71 68 68 68 69 69 71 71 67 64 64 64 64 65 66 67 67 69 72 73 72 71 73 75 74 72 71 72 71 71 70 68 67 66
-9999 -6 12 36 52 55 51 47 35 45 55 57 59 43 8 10 24 36 44 51 55 55 54 53 51 49 46 46 46 47 49 49 50 52 53 53 53 53 54 58 61 64 63 63 62 62 63 65 68 71 72 71 68 65 65 66 66 66 66 68 70 71 71 69 69 71 72 74 74 73 68 66 65 65 66 67 67 68 69 73 77 77 74 74 75 76 76 74 73 72 72 72 72 70 70 69
-9999 17 12 41 53 49 48 48 42 42 55 56 60 48 3 13 29 38 47 52 55 56 54 53 54 52 50 51 52 54 56 56 57 58 57 57 56 56 58 62 67 65 63 63 66 68 70 70 72 74 74 73 70 69 68 67 66 67 69 73 74 73 72 73 75 75 77 80 78 74 70 68 67 68 69 70 70 70 72 76 82 81 79 78 79 80 79 76 73 73 72 73 73 74 73 73
-9999 37 31 43 52 54 50 50 47 42 55 55 60 50 6 15 31 40 48 54 57 57 56 56 58 59 58 56 56 60 64 63 64 63 63 61 59 59 62 68 71 69 66 65 66 70 73 73 74 77 76 74 71 72 70 67 66 67 70 75 78 77 75 75 79 80 82 83 81 76 73 71 71 72 73 73 73 73 73 76 81 84 83 83 84 84 83 79 76 74 73 74 75 76 77 78
-9999 48 42 48 50 48 50 52 50 44 54 59 62 62 42 33 39 46 45 53 59 61 62 64 65 65 64 62 62 65 67 68 68 68 67 65 64 63 65 69 71 70 69 68 67 70 72 74 75 77 77 75 74 75 72 68 66 68 73 76 78 79 77 76 77 81 84 83 80 78 76 75 76 76 77 77 77 77 77 78 81 83 83 85 86 87 87 83 79 76 76 76 77 78 81 83
51 53 52 52 51 49 51 56 56 47 61 63 63 61 56 56 53 57 52 49 59 65 67 71 71 70 67 65 66 68 70 70 71 71 71 70 68 68 69 69 69 70 70 69 68 69 71 71 74 75 76 75 75 77 72 67 66 69 72 74 77 78 80 79 80 82 84 83 82 80 80 80 81 81 81 82 81 80 80 80 81 84 84 84 86 87 88 85 81 78 77 78 79 80 83 85
54 56 58 58 58 58 58 61 66 53 65 66 65 59 56 60 62 63 67 55 54 66 71 75 76 74 71 69 70 71 72 72 72 73 73 72 72 70 72 71 70 70 70 70 69 68 68 69 70 72 74 74 75 74 71 68 68 71 72 75 77 79 81 81 82 83 84 84 83 83 84 85 86 87 87 87 87 85 83 81 81 83 84 84 85 85 86 84 81 78 78 80 82 83 85 86
57 60 62 57 64 61 62 66 70 71 70 69 65 55 56 57 63 67 70 55 48 66 75 77 79 78 75 74 74 75 74 73 72 73 74 74 74 73 72 70 67 68 70 71 71 68 69 71 73 75 75 75 76 76 72 69 71 74 76 78 79 79 80 81 82 83 83 83 82 84 87 89 91 91 91 90 91 90 87 84 82 83 83 84 84 84 83 83 81 80 79 82 84 86 87 88
57 63 63 67 68 63 65 70 72 73 71 72 66 56 58 59 63 70 72 59 59 72 76 78 80 82 80 78 76 77 75 73 72 73 74 75 75 74 71 67 65 67 71 71 70 70 71 74 76 77 74 73 78 78 76 73 73 75 78 79 80 81 81 80 81 83 84 85 83 86 90 92 93 93 93 93 94 92 89 87 84 83 84 84 83 83 82 81 82 83 84 86 87 88 89 89
63 67 69 72 72 72 72 72 73 73 75 72 69 60 59 62 65 68 72 72 64 70 74 78 81 82 83 81 79 78 76 74 73 73 75 77 76 74 71 67 65 67 71 73 71 70 73 78 80 79 77 76 80 80 78 79 77 78 79 79 80 81 82 82 82 86 89 88 88 90 92 93 94 94 94 93 94 92 89 89 87 86 85 83 83 83 82 81 83 86 89 90 91 91 91 89
-9999 -9999 -9999 -9999 -9999 -9999 -9999 -9999 -9999 -9999 74 74 71 68 59 60 64 65 66 72 68 65 73 77 80 81 83 83 81 78 77 75 75 77 80 80 78 75 72 69 66 67 71 73 74 76 79 84 84 84 83 82 82 82 82 82 83 82 81 80 81 84 83 83 84 88 93 92 93 93 94 94 93 93 93 92 92 92 92 92 90 89 87 85 84 83 84 84 85 88 92 95 95 94 92 90
-9999 -9999 -9999 -9999 -9999 -9999 -9999 -9999 -9999 -9999 -9999 74 74 71 66 59 61 62 60 59 74 67 72 77 81 83 84 84 83 80 78 76 76 81 86 85 81 78 74 71 69 71 75 79 81 83 90 91 89 87 85 84 84 82 83 84 86 86 84 83 84 87 88 86 84 87 93 95 96 96 96 94 92 92 92 91 90 92 94 95 94 93 90 88 86 86 86 86 87 90 94 98 99 98 95 93
-9999 -9999 -9999 -9999 -9999 -9999 -9999 -9999 -9999 -9999 -9999 -9999 69 70 71 66 60 60 58 59 71 72 70 77 81 83 85 86 84 82 80 78 80 85 89 86 84 80 75 72 71 73 75 81 86 87 90 89 88 85 83 82 80 80 82 84 85 87 85 85 88 92 91 88 86 89 94 98 99 98 98 96 93 92 93 91 90 93 95 97 98 95 93 91 90 89 89 90 90 91 95 98 98 98 97 96
-9999 -9999 -9999 -9999 -9999 -9999 -9999 -9999 -9999 -9999 -9999 -9999 -9999 59 68 70 62 64 63 64 72 74 70 73 76 82 86 87 85 84 83 83 85 88 91 90 87 81 77 74 73 74 78 82 85 87 87 87 85 83 82 81 80 81 82 83 83 85 85 85 91 96 96 90 89 92 96 100 102 102 101 100 98 98 97 94 93 95 97 98 99 98 96 94 93 90 90 92 93 94 95 97 98 97 97 99
-9999 -9999 -9999 -9999 -9999 -9999 -9999 -9999 -9999 -9999 -9999 -9999 -9999 -9999 -9999 66 69 65 57 68 71 72 70 66 67 79 83 86 85 85 86 87 88 88 90 90 87 84 80 77 77 77 79 82 84 85 87 87 86 84 83 82 81 81 82 84 85 86 86 84 89 95 96 92 92 95 100 104 106 107 105 104 103 104 101 98 97 97 97 96 97 97 97 97 95 94 94 95 96 97 98 99 99 99 100 103
-9999 -9999 -9999 -9999 -9999 -9999 -9999 -9999 -9999 -9999 -9999 -9999 -9999 -9999 -9999 -9999 63 67 63 72 73 72 70 64 64 68 75 80 84 85 85 86 87 87 86 86 85 85 83 80 80 79 80 83 84 85 86 86 85 83 82 83 83 83 86 89 91 92 90 86 89 94 95 94 94 97 101 104 108 112 110 107 105 104 102 100 98 97 97 96 98 99 99 99 98 97 97 98 98 100 101 102 102 102 103 105
-9999 -9999 -9999 -9999 -9999 -9999 -9999 -9999 -9999 -9999 -9999 -9999 -9999 -9999 -9999 -9999 -9999 -9999 68 80 76 74 72 66 66 71 74 79 83 83 80 81 83 84 85 86 86 86 84 83 82 82 83 85 86 86 86 86 86 85 84 86 85 86 89 91 92 92 94 93 93 95 98 97 96 98 100 103 108 113 111 107 105 103 103 101 99 98 98 99 100 102 103 102 101 100 100 100 101 103 104 105 105 105 105 106
-9999 -9999 -9999 -9999 -9999 -9999 -9999 -9999 -9999 -9999 -9999 -9999 -9999 -9999 -9999 -9999 -9999 -9999 -9999 80 74 69 72 70 70 71 76 80 80 75 75 77 80 81 83 86 87 88 88 86 86 86 87 89 89 88 88 88 87 86 85 83 84 85 87 89 91 93 92 95 99 100 102 103 103 102 101 103 108 111 110 107 105 104 104 104 102 101 100 103 105 106 106 105 104 103 103 103 105 107 108 108 108 108 107 108
-9999 -9999 -9999 -9999 -9999 -9999 -9999 -9999 -9999 -9999 -9999 -9999 -9999 -9999 -9999 -9999 -9999 -9999 -9999 78 73 70 70 73 75 74 74 74 77 79 79 78 81 83 83 88 91 92 91 90 90 91 92 92 91 91 90 89 87 86 83 84 84 86 90 94 95 95 95 97 97 101 107 108 107 104 102 105 108 110 110 107 106 105 106 107 107 107 107 109 111 110 109 108 108 107 106 107 108 110 111 111 111 110 108 109
-9999 -9999 -9999 -9999 -9999 -9999 -9999 -9999 -9999 -9999 -9999 -9999 -9999 -9999 -9999 -9999 -9999 -9999 -9999 -9999 78 77 72 74 80 79 76 79 84 85 84 84 86 89 90 93 97 98 96 96 95 96 96 96 95 94 93 91 88 84 82 83 87 91 93 94 95 94 96 97 99 102 106 108 107 104 104 108 109 110 110 109 108 108 109 111 113 113 113 115 116 113 112 111 113 111 110 110 111 114 114 114 113 112 110 110
-9999 -9999 -9999 -9999 -9999 -9999 -9999 -9999 -9999 -9999 -9999 -9999 -9999 -9999 -9999 -9999 -9999 -9999 -9999 -9999 96 95 79 83 87 86 87 87 88 92 89 92 95 99 102 104 104 105 105 104 103 102 102 101 99 96 96 92 90 85 82 84 89 93 97 98 100 101 101 102 102 105 106 107 106 106 108 112 111 110 109 109 110 110 112 115 118 118 117 117 117 116 115 115 117 116 114 113 114 115 115 115 115 113 112 111
-9999 -9999 -9999 -9999 -9999 -9999 -9999 -9999 -9999 -9999 -9999 -9999 -9999 -9999 -9999 -9999 -9999 -9999 -9999 -9999 92 107 101 95 97 93 95 93 92 96 101 101 102 104 106 108 112 112 112 112 111 108 108 107 103 100 98 94 94 89 90 92 94 101 103 102 100 103 105 106 108 109 109 109 108 109 111 112 112 110 109 110 111 112 114 116 120 122 120 119 118 118 118 119 119 119 117 116 115 116 116 116 116 115 114 113
-9999 -9999 -9999 -9999 -9999 -9999 -9999 -9999 -9999 -9999 -9999 -9999 -9999 -9999 -9999 -9999 -9999 -9999 -9999 -9999 -9999 112 113 110 100 91 95 99 96 100 103 106 108 105 -9999 -9999 -9999 -9999 -9999 117 116 116 114 112 109 106 101 98 97 96 98 102 105 107 107 108 108 111 113 113 113 112 112 111 110 112 112 113 113 112 112 112 113 114 115 117 120 122 122 121 121 121 121 120 121 -9999 -9999 -9999 -9999 -9999 -9999 117 117 116 116 116
-9999 -9999 -9999 -9999 -9999 -9999 -9999 -9999 -9999 -9999 -9999 -9999 -9999 -9999 -9999 -9999 -9999 -9999 -9999 -9999 -9999 -9999 112 113 103 97 97 104 99 100 103 105 114 -9999 -9999 -9999 -9999 -9999 -9999 -9999 121 120 119 117 114 111 106 103 104 103 106 112 114 114 114 115 116 119 120 118 116 114 115 114 114 113 114 115 115 115 115 115 115 116 116 118 119 120 122 124 125 123 -9999 -9999 -9999 -9999 -9999 -9999 -9999 -9999 -9999 -9999 -9999 -9999 -9999 -9999
-9999 -9999 -9999 -9999 -9999 -9999 -9999 -9999 -9999 -9999 -9999 -9999 -9999 -9999 -9999 -9999 -9999 -9999 -9999 -9999 -9999 -9999 -9999 106 96 105 110 111 103 94 112 113 101 -9999 -9999 -9999 -9999 -9999 -9999 -9999 -9999 -9999 121 120 118 114 111 109 108 110 111 115 117 117 117 118 120 121 121 118 117 117 118 119 118 117 117 118 118 119 119 118 118 118 119 119 120 121 123 126 126 -9999 -9999 -9999 -9999 -9999 -9999 -9999 -9999 -9999 -9999 -9999 -9999 -9999 -9999 -9999
-9999 -9999 -9999 -9999 -9999 -9999 -9999 -9999 -9999 -9999 -9999 -9999 -9999 -9999 -9999 -9999 -9999 -9999 -9999 -9999 -9999 -9999 -9999 -9999 -9999 -9999 111 108 113 113 117 118 103 -9999 -9999 -9999 -9999 -9999 -9999 -9999 -9999 -9999 -9999 122 121 118 115 115 114 114 114 117 119 120 119 121 121 120 119 118 118 120 121 121 123 123 122 123 123 123 123 122 122 121 121 121 122 123 125 -9999 -9999 -9999 -9999 -9999 -9999 -9999 -9999 -9999 -9999 -9999 -9999 -9999 -9999 -9999 -9999 -9999
-9999 -9999 -9999 -9999 -9999 -9999 -9999 -9999 -9999 -9999 -9999 -9999 -9999 -9999 -9999 -9999 -9999 -9999 -9999 -9999 -9999 -9999 -9999 -9999 -9999 -9999 -9999 -9999 115 119 112 -9999 -9999 -9999 -9999 -9999 -9999 -9999 -9999 -9999 -9999 -9999 -9999 -9999 123 122 119 119 119 118 119 120 121 121 120 122 122 120 121 120 120 122 124 125 127 127 127 127 127 126 126 126 126 125 125 125 125 125 -9999 -9999 -9999 -9999 -9999 -9999 -9999 -9999 -9999 -9999 -9999 -9999 -9999 -9999 -9999 -9999 -9999 -9999
-9999 -9999 -9999 -9999 -9999 -9999 -9999 -9999 -9999 -9999 -9999 -9999 -9999 -9999 -9999 -9999 -9999 -9999 -9999 -9999 -9999 -9999 -9999 -9999 -9999 -9999 -9999 -9999 -9999 -9999 -9999 -9999 -9999 -9999 -9999 -9999 -9999 -9999 -9999 -9999 -9999 -9999 -9999 -9999 124 124 123 123 123 124 124 123 123 123 122 122 123 122 123 123 123 124 127 129 130 131 131 130 130 129 129 129 129 129 128 127 -9999 -9999 -9999 -9999 -9999 -9999 -9999 -9999 -9999 -9999 -9999 -9999 -9999 -9999 -9999 -9999 -9999 -9999 -9999 -9999
-9999 -9999 -9999 -9999 -9999 -9999 -9999 -9999 -9999 -9999 -9999 -9999 -9999 -9999 -9999 -9999 -9999 -9999 -9999 -9999 -9999 -9999 -9999 -9999 -9999 -9999 -9999 -9999 -9999 -9999 -9999 -9999 -9999 -9999 -9999 -9999 -9999 -9999 -9999 -9999 -9999 -9999 -9999 -9999 -9999 126 126 125 126 127 128 127 126 126 125 124 123 124 124 126 126 127 129 132 133 133 133 132 131 132 131 131 132 132 131 -9999 -9999 -9999 -9999 -9999 -9999 -9999 -9999 -9999 -9999 -9999 -9999 -9999 -9999 -9999 -9999 -9999 -9999 -9999 -9999 -9999
-9999 -9999 -9999 -9999 -9999 -9999 -9999 -9999 -9999 -9999 -9999 -9999 -9999 -9999 -9999 -9999 -9999 -9999 -9999 -9999 -9999 -9999 -9999 -9999 -9999 -9999 -9999 -9999 -9999 -9999 -9999 -9999 -9999 -9999 -9999 -9999 -9999 -9999 -9999 -9999 -9999 -9999 -9999 -9999 -9999 -9999 128 128 127 128 130 130 130 129 127 125 124 125 127 128 130 130 132 134 135 135 134 133 133 132 132 133 -9999 -9999 -9999 -9999 -9999 -9999 -9999 -9999 -9999 -9999 -9999 -9999 -9999 -9999 -9999 -9999 -9999 -9999 -9999 -9999 -9999 -9999 -9999 -9999
-9999 -9999 -9999 -9999 -9999 -9999 -9999 -9999 -9999 -9999 -9999 -9999 -9999 -9999 -9999 -9999 -9999 -9999 -9999 -9999 -9999 -9999 -9999 -9999 -9999 -9999 -9999 -9999 -9999 -9999 -9999 -9999 -9999 -9999 -9999 -9999 -9999 -9999 -9999 -9999 -9999 -9999 -9999 -9999 -9999 -9999 129 131 130 130 132 132 131 130 129 126 127 127 128 129 132 133 134 135 136 136 136 135 134 134 133 -9999 -9999 -9999 -9999 -9999 -9999 -9999 -9999 -9999 -9999 -9999 -9999 -9999 -9999 -9999 -9999 -9999 -9999 -9999 -9999 -9999 -9999 -9999 -9999 -9999
-9999 -9999 -9999 -9999 -9999 -9999 -9999 -9999 -9999 -9999 -9999 -9999 -9999 -9999 -9999 -9999 -9999 -9999 -9999 -9999 -9999 -9999 -9999 -9999 -9999 -9999 -9999 -9999 -9999 -9999 -9999 -9999 -9999 -9999 -9999 -9999 -9999 -9999 -9999 -9999 -9999 -9999 -9999 -9999 -9999 -9999 -9999 131 133 133 133 133 133 132 130 129 129 128 128 131 133 136 135 136 137 138 138 137 136 -9999 -9999 -9999 -9999 -9999 -9999 -9999 -9999 -9999 -9999 -9999 -9999 -9999 -9999 -9999 -9999 -9999 -9999 -9999 -9999 -9999 -9999 -9999 -9999 -9999 -9999 -9999
-9999 -9999 -9999 -9999 -9999 -9999 -9999 -9999 -9999 -9999 -9999 -9999 -9999 -9999 -9999 -9999 -9999 -9999 -9999 -9999 -9999 -9999 -9999 -9999 -9999 -9999 -9999 -9999 -9999 -9999 -9999 -9999 -9999 -9999 -9999 -9999 -9999 -9999 -9999 -9999 -9999 -9999 -9999 -9999 -9999 -9999 -9999 -9999 134 136 136 136 135 134 132 130 129 129 130 133 137 138 138 139 140 141 140 139 -9999 -9999 -9999 -9999 -9999 -9999 -9999 -9999 -9999 -9999 -9999 -9999 -9999 -9999 -9999 -9999 -9999 -9999 -9999 -9999 -9999 -9999 -9999 -9999 -9999 -9999 -9999 -9999
-9999 -9999 -9999 -9999 -9999 -9999 -9999 -9999 -9999 -9999 -9999 -9999 -9999 -9999 -9999 -9999 -9999 -9999 -9999 -9999 -9999 -9999 -9999 -9999 -9999 -9999 -9999 -9999 -9999 -9999 -9999 -9999 -9999 -9999 -9999 -9999 -9999 -9999 -9999 -9999 -9999 -9999 -9999 -9999 -9999 -9999 -9999 -9999 -9999 137 139 139 137 136 134 131 130 130 132 137 141 142 141 142 144 147 144 -9999 -9999 -9999 -9999 -9999 -9999 -9999 -9999 -9999 -9999 -9999 -9999 -9999 -9999 -9999 -9999 -9999 -9999 -9999 -9999 -9999 -9999 -9999 -9999 -9999 -9999 -9999 -9999 -9999
