Example_data/Species_1/M_variables/Set_1/bio_13.asc
ncols         249
nrows         150
xllcorner     -108.16666292027
yllcorner     24.666671082377
cellsize      0.16666667535901
NODATA_value  -9999
[rows 80 to 119 of 150, columns 91 to 181 of 249]
132 130 127 125 124 124 124 124 123 124 125 126 126 128 131 132 133 133 131 129 129 129 130 131 132 134 135 137 136 138 141 143 143 142 140 137 133 127 127 132 137 141 143 143 143 142 143 145 144 142 143 146 144 135 132 129 126 121 120 118 119 121 122 124 125 130 132 134 133 128 118 115 115 113 112 113 114 114 114 113 113 113 113 113 113 113 114 115 117 118 119
136 133 130 129 128 125 125 125 126 125 127 128 127 129 132 133 133 133 130 128 127 131 134 133 133 134 136 138 138 140 143 145 145 144 142 140 134 128 126 133 142 146 146 146 147 148 152 153 150 148 147 149 144 137 133 126 123 121 119 120 121 123 126 127 130 138 139 132 127 120 119 119 115 113 110 109 109 110 111 112 114 114 114 113 113 113 114 117 119 121 121
139 135 135 134 131 129 128 127 128 128 128 129 129 130 132 133 133 131 129 128 128 133 134 132 133 133 135 137 139 141 144 145 145 144 144 144 140 136 134 138 145 150 151 149 149 150 156 156 156 154 149 146 145 139 132 127 122 122 123 122 122 119 127 130 135 137 136 124 121 122 120 118 115 111 109 108 106 108 110 113 115 116 116 114 114 115 114 118 122 124 123
143 143 140 140 138 136 134 131 130 129 129 129 130 130 131 132 133 132 130 131 133 134 132 133 133 134 135 137 140 143 145 146 146 145 146 147 145 144 143 145 150 153 153 151 152 156 159 158 158 152 152 150 147 143 138 138 137 138 149 137 137 117 113 138 148 132 127 122 123 121 119 117 114 111 109 108 107 110 113 116 118 120 120 119 119 120 120 124 128 129 128
142 143 142 142 140 139 138 136 134 130 129 129 130 131 131 132 132 132 132 135 135 135 134 134 134 135 137 139 141 144 147 149 151 150 150 150 149 149 149 152 156 157 156 156 161 162 158 161 156 154 155 154 150 148 155 162 171 175 167 157 137 126 117 130 134 131 130 132 127 122 119 117 114 112 111 110 113 116 118 120 122 124 125 126 127 128 130 134 138 140 140
138 140 142 144 143 142 140 137 136 132 130 130 131 132 131 131 131 132 136 137 137 136 135 134 136 138 140 143 144 147 150 153 154 156 157 156 156 156 156 157 160 161 162 166 166 163 163 158 155 156 156 156 155 166 165 165 161 163 160 175 169 158 132 135 138 133 131 130 125 123 120 118 115 113 111 115 120 122 124 125 127 128 131 134 136 136 139 144 149 154 156
139 140 140 140 140 141 140 139 137 134 132 132 133 134 133 134 134 134 136 137 138 138 138 138 139 142 145 147 148 151 154 157 158 159 160 159 160 159 159 161 163 163 166 169 167 163 162 155 155 155 157 160 164 175 175 177 181 168 178 182 189 170 161 151 146 140 135 131 128 126 123 120 117 115 113 118 123 126 128 131 133 135 138 143 145 145 148 153 159 165 168
143 141 138 136 137 137 137 137 137 134 134 135 136 138 137 138 137 135 136 137 140 141 141 144 144 146 148 150 151 155 157 159 159 161 162 162 161 162 162 163 165 169 169 167 162 163 156 156 156 155 162 165 165 163 168 180 193 183 197 200 186 183 163 153 148 142 137 134 130 127 126 123 120 117 117 122 126 129 132 137 139 141 144 149 151 151 155 160 167 172 174
146 143 139 135 135 134 134 135 134 134 135 136 138 139 139 140 139 138 139 139 142 143 147 149 149 150 149 152 154 156 158 159 159 160 162 163 165 164 164 165 169 170 167 165 166 163 157 157 155 157 174 169 168 169 173 183 189 189 186 179 164 160 156 152 145 139 136 133 130 128 127 125 122 120 123 126 129 133 136 141 144 145 148 150 152 155 159 166 173 179 181
148 144 140 136 134 133 132 133 133 134 135 136 138 140 141 140 140 141 140 140 143 148 151 153 153 153 153 154 156 157 159 159 158 160 162 164 165 165 165 165 168 167 165 168 166 166 161 160 155 157 169 173 177 181 183 187 183 180 170 164 157 153 150 147 142 137 135 133 131 128 127 125 122 125 127 129 131 134 137 141 142 146 149 150 153 156 162 169 177 185 188
148 143 139 136 135 133 132 132 133 132 133 135 137 140 142 142 143 144 142 144 147 150 154 155 154 154 154 155 158 160 161 162 161 162 163 164 164 164 164 164 165 165 167 167 167 166 163 162 157 156 164 173 179 179 178 179 174 168 157 154 151 146 143 140 137 135 133 132 130 128 126 123 125 128 129 131 133 136 138 140 142 144 147 149 152 157 163 171 180 189 192
148 143 139 136 134 134 133 132 132 132 136 138 138 139 140 140 142 143 146 148 150 153 155 155 154 153 154 156 160 162 164 165 166 165 165 164 164 164 165 164 163 165 166 166 166 163 165 162 159 156 164 169 172 173 170 168 162 155 150 149 146 142 138 135 132 130 130 130 129 126 124 121 125 127 130 131 134 137 139 141 143 144 147 150 153 158 165 172 180 188 193
146 143 138 135 132 134 134 131 133 136 138 140 140 139 138 140 142 144 148 151 152 154 155 155 155 155 156 158 161 163 166 167 169 167 166 166 165 165 165 164 164 164 165 166 165 164 164 161 157 155 160 162 164 164 161 157 152 148 145 144 141 137 134 131 129 127 127 127 127 125 122 126 129 130 131 133 134 137 141 144 146 148 150 153 155 159 165 172 179 186 192
143 140 137 133 131 131 131 133 136 139 140 140 141 142 142 143 145 148 150 153 155 155 154 154 156 155 154 157 161 164 166 168 168 167 166 165 164 163 164 165 165 164 165 166 166 166 163 159 154 151 152 154 157 156 154 149 145 142 140 136 135 132 130 128 126 125 126 126 125 124 128 132 134 134 134 136 137 139 142 146 148 151 154 156 157 161 166 172 177 181 185
138 135 133 132 134 135 137 138 139 140 140 140 142 146 147 148 149 150 153 155 156 153 153 154 155 154 154 157 160 165 167 169 169 167 166 165 164 163 164 167 166 164 165 167 168 168 164 160 156 151 149 148 150 150 149 145 142 138 135 133 131 129 126 125 124 124 124 126 126 131 135 137 137 137 136 138 138 140 143 146 149 153 157 160 162 164 167 171 175 177 179
134 132 132 135 138 140 142 143 141 139 138 139 143 149 150 150 150 150 153 154 155 154 155 156 155 154 154 154 160 165 169 171 170 169 168 166 163 161 165 166 165 164 164 168 171 168 165 161 155 151 147 144 145 145 144 142 139 136 133 132 130 128 126 124 123 122 123 125 127 132 137 139 138 137 136 137 139 141 144 148 150 155 159 164 166 167 167 -9999 -9999 -9999 -9999
131 130 132 136 140 144 145 146 142 139 139 138 142 146 148 149 148 148 154 156 157 158 158 157 155 155 155 154 159 165 170 171 170 169 168 166 161 159 164 167 166 165 166 169 171 169 165 158 154 149 146 143 142 142 141 140 138 135 132 132 130 129 127 125 123 121 122 123 127 131 135 137 138 137 136 137 140 144 150 154 156 158 160 163 167 -9999 -9999 -9999 -9999 -9999 -9999
130 130 132 135 140 143 144 144 141 143 142 138 140 144 147 149 149 151 156 158 158 158 158 157 155 155 155 155 160 164 168 168 167 167 166 165 161 160 165 167 168 168 172 175 172 169 165 158 152 150 147 144 143 142 139 139 136 134 132 131 130 130 128 125 123 120 118 121 125 129 132 135 137 139 140 142 145 150 155 158 161 163 165 164 -9999 -9999 -9999 -9999 -9999 -9999 -9999
131 132 132 135 138 141 143 142 145 147 146 142 142 146 151 153 152 154 157 158 158 158 158 156 156 155 155 156 159 164 165 164 163 163 164 165 164 164 165 168 170 174 176 175 171 169 163 157 153 151 148 146 144 142 139 137 135 132 130 129 128 127 126 123 120 118 119 123 127 130 133 138 140 143 145 149 153 156 160 164 167 169 169 167 -9999 -9999 -9999 -9999 -9999 -9999 -9999
132 134 134 135 138 141 143 143 147 150 150 147 146 149 153 154 153 153 155 156 157 158 157 157 157 156 156 158 160 163 163 161 159 158 159 163 166 167 165 167 172 174 174 174 170 166 160 156 154 152 150 148 145 142 138 135 133 131 128 127 126 125 122 119 120 122 125 127 130 135 139 143 146 149 152 156 159 163 166 169 172 173 172 -9999 -9999 -9999 -9999 -9999 -9999 -9999 -9999
134 136 138 137 137 139 143 144 148 151 152 150 151 152 153 154 153 152 153 154 155 156 157 158 157 158 158 159 161 162 161 159 158 156 153 160 165 166 164 165 170 173 173 173 171 167 158 154 153 153 151 148 144 139 135 132 130 128 126 124 123 123 120 120 125 126 127 130 134 139 145 150 153 156 159 163 166 169 171 173 174 -9999 -9999 -9999 -9999 -9999 -9999 -9999 -9999 -9999 -9999
137 140 141 139 136 136 141 145 149 152 154 155 155 153 151 151 149 149 152 154 153 155 158 159 160 159 160 161 162 162 160 159 159 158 157 162 165 166 164 163 166 171 172 173 172 168 158 151 150 149 147 143 137 133 130 127 125 125 124 123 121 120 120 125 128 129 130 134 138 144 151 157 162 165 168 171 174 175 175 176 -9999 -9999 -9999 -9999 -9999 -9999 -9999 -9999 -9999 -9999 -9999
143 146 145 141 138 138 138 144 149 153 156 157 155 152 150 146 143 144 149 153 153 156 159 160 160 160 161 162 163 163 161 160 161 162 161 163 166 165 162 159 159 166 170 170 169 166 156 146 142 140 140 138 132 127 125 124 124 123 122 121 119 118 122 127 131 133 135 138 143 149 157 164 171 175 177 180 181 179 178 -9999 -9999 -9999 -9999 -9999 -9999 -9999 -9999 -9999 -9999 -9999 -9999
148 150 149 145 142 140 140 145 149 153 157 156 153 152 148 143 139 142 148 152 155 157 160 161 161 161 164 165 165 164 164 165 166 164 162 160 160 161 158 151 153 161 164 165 163 158 149 138 130 131 136 134 128 122 124 124 124 124 123 121 119 119 124 129 132 135 138 142 147 154 162 171 178 183 187 188 185 -9999 -9999 -9999 -9999 -9999 -9999 -9999 -9999 -9999 -9999 -9999 -9999 -9999 -9999
150 152 152 148 145 142 144 146 149 153 155 155 155 152 150 145 140 144 151 155 157 159 161 162 162 164 167 168 168 167 167 168 168 166 163 160 160 161 160 155 155 159 161 160 159 154 146 137 129 130 134 132 126 124 125 125 125 125 127 125 122 121 125 131 135 139 143 147 152 159 168 176 184 191 192 191 -9999 -9999 -9999 -9999 -9999 -9999 -9999 -9999 -9999 -9999 -9999 -9999 -9999 -9999 -9999
150 156 159 155 152 150 149 149 150 153 154 155 155 154 152 149 147 150 155 158 160 161 163 164 165 167 170 172 171 170 170 171 169 166 164 163 163 164 164 162 160 161 160 158 158 153 147 141 137 136 134 131 129 128 127 127 127 127 128 128 126 125 129 135 139 143 148 153 158 164 171 179 186 193 -9999 -9999 -9999 -9999 -9999 -9999 -9999 -9999 -9999 -9999 -9999 -9999 -9999 -9999 -9999 -9999 -9999
151 159 162 161 159 158 156 155 154 153 154 156 156 155 154 154 155 156 158 160 160 161 162 163 166 169 172 174 173 172 173 173 171 168 168 167 167 168 168 166 164 161 159 157 157 155 150 145 141 138 137 135 133 131 130 129 129 129 129 130 131 132 136 141 144 148 154 158 163 167 174 180 186 -9999 -9999 -9999 -9999 -9999 -9999 -9999 -9999 -9999 -9999 -9999 -9999 -9999 -9999 -9999 -9999 -9999 -9999
154 159 162 163 164 163 161 160 159 159 158 158 158 157 157 156 156 158 160 161 160 159 159 160 164 167 171 174 173 173 175 177 174 171 170 171 171 170 169 168 166 162 158 157 156 154 150 145 143 141 141 140 138 136 134 132 130 129 130 133 137 140 144 148 151 155 160 164 166 170 176 180 -9999 -9999 -9999 -9999 -9999 -9999 -9999 -9999 -9999 -9999 -9999 -9999 -9999 -9999 -9999 -9999 -9999 -9999 -9999
156 158 161 163 165 166 164 164 164 164 166 161 160 159 158 157 157 158 159 160 159 159 158 159 163 167 171 174 173 173 175 177 174 173 173 174 173 172 170 169 167 163 158 155 151 148 149 144 145 144 144 143 143 141 138 135 132 132 134 139 144 147 151 154 157 160 166 168 169 173 177 180 -9999 -9999 -9999 -9999 -9999 -9999 -9999 -9999 -9999 -9999 -9999 -9999 -9999 -9999 -9999 -9999 -9999 -9999 -9999
160 159 158 162 166 167 167 166 165 165 164 162 160 159 158 157 158 158 158 159 161 157 158 160 164 168 171 174 173 172 173 174 172 173 173 173 174 171 170 169 167 163 156 148 144 145 146 146 146 145 145 146 146 145 143 140 137 138 140 144 149 153 157 160 162 166 171 172 172 174 177 -9999 -9999 -9999 -9999 -9999 -9999 -9999 -9999 -9999 -9999 -9999 -9999 -9999 -9999 -9999 -9999 -9999 -9999 -9999 -9999
165 164 162 165 167 168 167 166 164 163 163 162 162 160 157 155 156 158 157 157 158 158 159 161 165 168 171 172 172 171 170 171 171 171 170 170 170 168 167 165 163 158 155 149 149 151 150 148 146 145 147 149 150 150 148 145 143 144 146 149 153 158 163 166 168 173 177 175 173 172 174 -9999 -9999 -9999 -9999 -9999 -9999 -9999 -9999 -9999 -9999 -9999 -9999 -9999 -9999 -9999 -9999 -9999 -9999 -9999 -9999
170 170 171 171 167 166 166 164 162 162 161 162 161 160 158 157 158 160 159 157 158 159 160 163 166 170 173 174 174 174 174 176 176 175 176 176 175 173 171 170 170 169 165 161 159 158 156 153 150 149 151 154 156 155 153 151 150 150 152 154 158 164 168 171 174 178 179 176 172 172 -9999 -9999 -9999 -9999 -9999 -9999 -9999 -9999 -9999 -9999 -9999 -9999 -9999 -9999 -9999 -9999 -9999 -9999 -9999 -9999 -9999
172 174 172 169 164 161 161 160 158 158 157 159 161 161 158 157 158 160 161 157 158 160 163 167 172 175 178 178 178 179 180 183 181 180 180 182 180 177 176 178 182 182 178 173 170 167 164 161 158 157 160 162 163 161 159 158 157 156 157 158 163 169 173 176 179 180 179 175 171 174 -9999 -9999 -9999 -9999 -9999 -9999 -9999 -9999 -9999 -9999 -9999 -9999 -9999 -9999 -9999 -9999 -9999 -9999 -9999 -9999 -9999
170 172 168 163 159 156 155 155 153 152 151 152 158 164 163 161 157 157 157 156 161 164 168 172 175 177 179 179 180 179 183 185 182 180 181 185 182 179 179 183 191 196 190 186 182 179 175 172 169 169 172 173 171 169 166 165 164 162 162 162 168 173 177 181 183 183 179 174 171 177 -9999 -9999 -9999 -9999 -9999 -9999 -9999 -9999 -9999 -9999 -9999 -9999 -9999 -9999 -9999 -9999 -9999 -9999 -9999 -9999 -9999
162 163 159 154 151 150 150 149 148 149 152 156 162 170 170 166 163 161 158 157 161 165 168 173 174 179 179 177 176 174 184 183 178 173 177 181 180 178 178 184 192 199 198 197 195 193 187 182 181 182 183 184 182 178 174 172 170 168 166 168 174 178 181 185 187 186 182 174 174 176 -9999 -9999 -9999 -9999 -9999 -9999 -9999 -9999 -9999 -9999 -9999 -9999 -9999 -9999 -9999 -9999 -9999 -9999 -9999 -9999 -9999
152 152 149 145 144 145 149 153 155 156 156 159 166 173 175 169 165 161 158 157 159 161 165 167 174 176 175 173 174 172 178 176 173 168 173 177 177 178 181 183 191 198 203 205 205 204 198 191 191 191 193 195 193 187 184 182 180 177 174 175 178 181 184 189 192 190 185 177 172 168 -9999 -9999 -9999 -9999 -9999 -9999 -9999 -9999 -9999 -9999 -9999 -9999 -9999 -9999 -9999 -9999 -9999 -9999 -9999 -9999 -9999
153 150 150 152 155 159 163 165 166 165 163 163 167 171 171 169 167 158 156 157 157 158 162 163 170 176 176 177 180 180 178 174 171 169 172 174 -9999 -9999 -9999 -9999 -9999 199 205 210 210 209 210 204 200 199 200 202 199 196 194 193 193 189 184 182 181 182 185 192 197 195 188 179 174 176 -9999 -9999 -9999 -9999 -9999 -9999 -9999 -9999 -9999 -9999 -9999 -9999 -9999 -9999 -9999 -9999 -9999 -9999 -9999 -9999 -9999
157 157 159 163 168 173 176 178 178 176 175 174 174 173 169 170 170 160 152 156 158 160 162 -9999 -9999 -9999 -9999 -9999 -9999 -9999 -9999 -9999 -9999 -9999 -9999 -9999 -9999 -9999 -9999 -9999 -9999 -9999 -9999 208 203 208 217 213 206 204 204 204 203 201 201 204 205 200 194 187 182 184 189 196 200 199 190 182 177 175 172 -9999 -9999 -9999 -9999 -9999 -9999 -9999 -9999 -9999 -9999 -9999 -9999 -9999 -9999 -9999 -9999 -9999 -9999 -9999 -9999
162 165 169 176 183 186 187 187 189 189 188 188 188 186 180 177 176 170 163 166 163 162 164 -9999 -9999 -9999 -9999 -9999 -9999 -9999 -9999 -9999 -9999 -9999 -9999 -9999 -9999 -9999 -9999 -9999 -9999 -9999 -9999 -9999 200 205 209 208 205 204 205 206 -9999 -9999 -9999 208 209 207 197 179 172 183 196 200 201 200 192 184 178 173 168 -9999 -9999 -9999 -9999 -9999 -9999 -9999 -9999 -9999 -9999 -9999 -9999 -9999 -9999 -9999 -9999 -9999 -9999 -9999 -9999
168 172 178 186 196 196 195 195 199 200 200 200 202 201 191 184 181 174 170 169 166 166 167 -9999 -9999 -9999 -9999 -9999 -9999 -9999 -9999 -9999 -9999 -9999 -9999 -9999 -9999 -9999 -9999 -9999 -9999 -9999 -9999 -9999 -9999 198 202 202 201 202 204 -9999 -9999 -9999 -9999 -9999 210 209 196 154 151 178 199 201 197 195 190 183 177 172 167 -9999 -9999 -9999 -9999 -9999 -9999 -9999 -9999 -9999 -9999 -9999 -9999 -9999 -9999 -9999 -9999 -9999 -9999 -9999 -9999
