Example_data/Species_1/M_variables/Set_1/bio_11.asc
ncols         249
nrows         150
xllcorner     -108.16666292027
yllcorner     24.666671082377
cellsize      0.16666667535901
NODATA_value  -9999
[rows 44 to 87 of 150, columns 96 to 191 of 249]
-64 -64 -64 -65 -66 -66 -67 -66 -64 -63 -61 -60 -61 -61 -61 -60 -59 -59 -57 -58 -57 -57 -56 -54 -51 -46 -40 -37 -9999 -9999 -9999 -9999 -9999 -29 -30 -32 -37 -39 -42 -41 -41 -42 -43 -44 -44 -44 -43 -43 -43 -42 -41 -37 -34 -33 -31 -32 -31 -9999 -9999 -9999 -9999 -9999 -9999 -9999 -9999 -9999 -9999 -9999 -9999 -9999 -9999 -28 -27 -28 -33 -40 -43 -46 -45 -50 -54 -57 -58 -56 -52 -56 -55 -51 -49 -46 -47 -45 -44 -47 -45 -44
-61 -60 -59 -59 -60 -63 -65 -64 -63 -61 -59 -58 -56 -57 -58 -58 -57 -56 -57 -57 -57 -56 -55 -51 -47 -41 -37 -34 -9999 -9999 -9999 -9999 -30 -29 -31 -34 -37 -40 -42 -41 -41 -41 -42 -43 -43 -43 -42 -41 -41 -39 -38 -36 -33 -31 -31 -9999 -9999 -9999 -9999 -9999 -9999 -9999 -9999 -9999 -9999 -9999 -9999 -9999 -31 -30 -28 -27 -31 -38 -42 -44 -43 -42 -45 -48 -54 -54 -53 -56 -57 -53 -56 -53 -48 -45 -43 -42 -40 -43 -41 -41
-58 -58 -56 -55 -56 -60 -62 -61 -59 -57 -55 -54 -52 -53 -53 -54 -54 -55 -56 -57 -57 -54 -51 -48 -44 -38 -35 -32 -31 -9999 -9999 -30 -30 -30 -32 -34 -38 -40 -42 -41 -41 -41 -41 -41 -43 -43 -42 -40 -38 -36 -35 -34 -32 -31 -31 -9999 -9999 -9999 -9999 -9999 -9999 -9999 -9999 -9999 -9999 -27 -28 -29 -31 -32 -32 -36 -39 -39 -43 -43 -44 -44 -47 -51 -56 -55 -52 -53 -54 -56 -55 -50 -47 -44 -44 -45 -44 -40 -41 -43
-57 -56 -53 -51 -53 -56 -58 -56 -52 -50 -50 -49 -50 -49 -49 -50 -52 -53 -55 -56 -53 -50 -48 -46 -43 -39 -35 -32 -32 -31 -31 -31 -32 -32 -33 -33 -36 -38 -39 -41 -42 -42 -41 -41 -42 -41 -39 -37 -36 -35 -34 -32 -31 -30 -30 -9999 -9999 -9999 -9999 -9999 -9999 -9999 -9999 -23 -23 -25 -31 -32 -34 -36 -36 -37 -38 -40 -42 -45 -44 -46 -47 -51 -55 -56 -53 -52 -52 -54 -52 -49 -47 -45 -44 -48 -40 -38 -36 -37
-55 -53 -50 -46 -48 -50 -50 -49 -47 -45 -47 -47 -47 -47 -47 -48 -50 -52 -51 -50 -48 -47 -46 -44 -43 -41 -38 -36 -34 -33 -34 -35 -35 -33 -33 -34 -36 -37 -39 -41 -42 -42 -40 -40 -40 -40 -38 -36 -35 -34 -32 -31 -30 -30 -29 -28 -27 -26 -24 -23 -22 -21 -21 -22 -27 -33 -36 -32 -34 -35 -35 -36 -37 -39 -41 -43 -44 -45 -47 -49 -51 -51 -52 -47 -47 -48 -47 -48 -43 -44 -45 -44 -46 -45 -43 -40
-51 -49 -46 -44 -44 -45 -44 -44 -43 -42 -44 -46 -47 -46 -46 -46 -47 -47 -46 -44 -44 -45 -44 -43 -43 -42 -42 -40 -39 -37 -36 -36 -34 -33 -34 -35 -36 -37 -39 -39 -40 -40 -38 -38 -39 -38 -37 -36 -34 -33 -33 -32 -31 -30 -29 -27 -26 -24 -24 -24 -22 -22 -23 -25 -29 -32 -32 -28 -30 -31 -32 -34 -36 -35 -37 -40 -43 -44 -45 -45 -46 -49 -46 -42 -44 -43 -41 -43 -40 -40 -39 -37 -40 -43 -48 -50
-46 -44 -42 -41 -42 -41 -40 -41 -41 -42 -43 -44 -46 -47 -46 -46 -43 -43 -42 -41 -42 -43 -43 -42 -42 -42 -41 -41 -39 -37 -36 -35 -34 -34 -34 -35 -36 -37 -38 -39 -38 -37 -36 -36 -36 -37 -36 -35 -34 -33 -33 -31 -30 -29 -29 -28 -27 -27 -28 -26 -24 -24 -27 -25 -27 -29 -28 -26 -26 -28 -29 -32 -34 -34 -35 -38 -39 -42 -43 -43 -44 -44 -44 -46 -42 -38 -41 -35 -35 -29 -28 -27 -28 -35 -38 -36
-41 -40 -39 -39 -40 -40 -39 -38 -38 -40 -42 -43 -43 -44 -44 -43 -39 -40 -40 -39 -39 -41 -41 -41 -41 -42 -41 -40 -39 -37 -36 -35 -34 -33 -34 -34 -35 -37 -37 -36 -35 -33 -33 -33 -35 -36 -35 -34 -33 -32 -31 -29 -29 -28 -28 -29 -28 -29 -30 -29 -27 -27 -26 -24 -25 -26 -25 -25 -25 -25 -25 -29 -31 -32 -34 -34 -37 -38 -39 -40 -40 -45 -41 -38 -35 -39 -32 -26 -29 -33 -32 -23 -24 -29 -28 -29
-37 -38 -38 -38 -39 -39 -38 -37 -37 -38 -40 -41 -41 -42 -42 -39 -36 -37 -37 -36 -36 -38 -39 -40 -40 -40 -40 -39 -38 -36 -35 -33 -32 -33 -34 -34 -35 -35 -35 -34 -32 -31 -31 -32 -33 -33 -33 -32 -32 -31 -30 -28 -27 -26 -28 -29 -30 -31 -32 -32 -29 -27 -25 -23 -24 -25 -25 -26 -25 -24 -23 -25 -28 -29 -31 -31 -33 -35 -37 -38 -40 -38 -39 -39 -39 -32 -26 -29 -31 -31 -22 -20 -23 -25 -29 -32
-35 -35 -37 -37 -38 -38 -36 -35 -35 -36 -37 -37 -38 -38 -37 -35 -35 -35 -34 -34 -35 -35 -36 -38 -38 -37 -38 -38 -37 -36 -34 -32 -31 -31 -32 -33 -34 -34 -34 -32 -31 -31 -31 -30 -30 -31 -31 -31 -31 -31 -30 -27 -26 -26 -28 -29 -32 -34 -32 -32 -28 -25 -25 -23 -22 -23 -23 -24 -23 -22 -22 -20 -22 -25 -27 -27 -30 -30 -32 -36 -35 -37 -39 -37 -29 -26 -30 -27 -27 -24 -21 -18 -22 -26 -31 -31
-34 -35 -36 -37 -36 -36 -34 -33 -33 -34 -34 -35 -36 -34 -32 -32 -32 -32 -32 -32 -33 -34 -35 -35 -35 -34 -34 -35 -35 -34 -33 -31 -29 -29 -30 -32 -33 -33 -32 -31 -31 -31 -30 -29 -29 -29 -29 -30 -30 -30 -29 -28 -27 -26 -27 -28 -33 -34 -33 -31 -28 -25 -24 -22 -21 -21 -22 -22 -21 -20 -20 -17 -19 -20 -21 -25 -26 -27 -30 -34 -38 -36 -35 -27 -22 -20 -21 -20 -18 -18 -17 -16 -21 -25 -24 -24
-32 -34 -35 -35 -35 -34 -33 -32 -31 -31 -31 -32 -32 -31 -29 -29 -29 -28 -29 -30 -32 -33 -32 -31 -31 -31 -30 -31 -32 -31 -30 -29 -28 -28 -29 -31 -32 -32 -31 -31 -32 -32 -31 -31 -30 -28 -28 -29 -29 -28 -30 -29 -26 -25 -25 -26 -31 -32 -31 -28 -26 -22 -22 -21 -19 -20 -20 -20 -19 -18 -20 -17 -15 -15 -18 -22 -21 -24 -28 -32 -34 -38 -24 -22 -20 -19 -20 -19 -18 -16 -14 -13 -16 -15 -15 -16
-29 -30 -32 -32 -32 -31 -32 -30 -28 -27 -28 -28 -28 -28 -27 -26 -25 -26 -27 -28 -29 -29 -29 -27 -27 -27 -27 -28 -28 -27 -28 -28 -27 -27 -27 -29 -30 -30 -29 -29 -30 -31 -31 -31 -29 -27 -26 -26 -27 -26 -27 -27 -25 -23 -22 -22 -27 -28 -27 -25 -22 -18 -17 -18 -19 -18 -18 -18 -17 -16 -18 -17 -15 -12 -13 -17 -22 -26 -35 -30 -37 -29 -22 -21 -23 -17 -19 -21 -15 -12 -9 -8 -7 -10 -13 -13
-26 -26 -27 -27 -27 -28 -30 -29 -25 -24 -23 -24 -25 -25 -25 -24 -23 -22 -23 -25 -26 -26 -25 -24 -23 -24 -24 -25 -24 -24 -25 -24 -24 -24 -25 -26 -26 -25 -25 -26 -28 -30 -31 -30 -28 -25 -23 -21 -21 -23 -23 -24 -22 -20 -18 -18 -22 -24 -21 -20 -17 -15 -15 -14 -15 -18 -18 -17 -15 -16 -17 -15 -13 -10 -12 -15 -28 -37 -35 -36 -33 -18 -20 -20 -20 -17 -17 -10 -13 -12 -9 -7 -5 -6 -7 -7
-22 -21 -22 -22 -22 -23 -25 -25 -23 -21 -20 -22 -22 -23 -23 -22 -21 -20 -21 -21 -22 -23 -22 -22 -22 -22 -22 -22 -21 -20 -20 -21 -21 -22 -22 -21 -22 -23 -22 -24 -26 -27 -27 -26 -25 -23 -20 -16 -14 -17 -19 -22 -20 -17 -14 -12 -16 -19 -19 -19 -15 -12 -12 -12 -13 -16 -18 -16 -13 -15 -15 -14 -11 -8 -9 -23 -29 -32 -35 -36 -27 -22 -19 -19 -15 -16 -9 -11 -18 -8 -5 -4 -4 -7 -5 -7
-18 -17 -17 -18 -19 -20 -22 -22 -20 -18 -19 -19 -19 -20 -20 -19 -18 -18 -18 -19 -20 -20 -20 -19 -19 -19 -19 -18 -17 -17 -17 -18 -18 -19 -17 -17 -18 -19 -19 -20 -22 -23 -21 -22 -23 -21 -17 -12 -11 -13 -16 -17 -16 -14 -11 -10 -15 -17 -17 -17 -14 -12 -10 -10 -11 -13 -13 -12 -12 -13 -13 -11 -9 -6 -18 -24 -27 -34 -35 -31 -15 -16 -13 -11 -9 -9 -6 -9 -11 -3 -4 -6 -6 -6 -3 0
-15 -15 -15 -17 -18 -19 -18 -18 -17 -16 -16 -17 -17 -17 -17 -16 -15 -15 -15 -16 -17 -18 -18 -18 -17 -18 -17 -17 -15 -14 -15 -15 -15 -15 -14 -13 -14 -15 -16 -17 -18 -18 -17 -17 -17 -16 -14 -12 -11 -11 -12 -12 -12 -10 -8 -9 -13 -15 -14 -14 -12 -10 -7 -6 -6 -8 -8 -7 -8 -10 -10 -9 -6 -10 -18 -24 -30 -34 -30 -22 -6 -8 -8 -8 -7 -3 -2 -9 -6 -2 -2 -3 0 2 3 5
-13 -13 -15 -18 -19 -17 -15 -13 -14 -13 -14 -14 -14 -14 -14 -13 -13 -13 -14 -14 -15 -16 -17 -17 -16 -15 -15 -14 -14 -13 -13 -14 -14 -12 -11 -11 -10 -9 -11 -13 -14 -13 -12 -13 -11 -10 -10 -10 -9 -9 -10 -10 -9 -8 -7 -7 -11 -13 -12 -10 -8 -6 -4 -2 -1 -4 -5 -4 -5 -7 -6 -5 -6 -11 -17 -25 -29 -29 -20 -8 -6 -8 -10 -8 -3 1 0 -1 2 -1 -1 3 6 10 12 13
-12 -13 -15 -16 -16 -14 -12 -10 -10 -12 -13 -13 -12 -11 -11 -10 -11 -11 -12 -11 -13 -15 -15 -14 -13 -13 -12 -11 -12 -11 -11 -11 -11 -9 -9 -7 -6 -3 -5 -8 -10 -10 -9 -8 -5 -7 -7 -8 -8 -8 -8 -7 -5 -6 -6 -5 -7 -9 -8 -7 -5 -3 -1 1 0 -3 -2 -3 -3 -4 -3 -3 -5 -9 -17 -22 -29 -30 -14 -7 -13 -10 -8 -3 0 2 2 6 6 4 5 8 13 19 19 18
-12 -13 -13 -13 -12 -9 -7 -8 -7 -10 -13 -13 -11 -9 -8 -8 -8 -8 -8 -10 -11 -12 -13 -12 -11 -9 -8 -7 -8 -9 -8 -8 -7 -6 -4 -3 -3 0 -1 -2 -4 -6 -5 -2 -2 -3 -3 -6 -7 -7 -6 -4 -3 -4 -3 -3 -5 -5 -4 -3 -1 0 1 0 1 0 0 0 0 -2 -2 -3 -8 -13 -16 -24 -33 -20 -6 -7 -13 -10 -5 0 3 2 7 9 11 10 10 13 16 19 21 21
-9 -12 -11 -9 -9 -5 -4 -4 -6 -7 -7 -7 -6 -4 -5 -5 -6 -6 -6 -7 -9 -9 -9 -9 -8 -6 -5 -4 -4 -5 -4 -3 -3 -2 -1 -2 1 3 3 2 0 -1 -1 0 0 -2 -2 -4 -6 -5 -5 -2 0 -1 0 -1 -1 -1 1 2 4 3 3 1 2 2 2 3 3 1 -1 -5 -13 -14 -21 -24 -26 -8 -4 -11 -10 -5 0 2 -1 5 8 12 13 13 16 17 17 20 23 22
-6 -9 -8 -7 -4 -2 -1 -3 -5 -5 -2 1 1 0 -1 -2 -3 -3 -4 -5 -5 -5 -5 -5 -4 -3 -1 0 -1 -1 0 0 1 0 1 2 3 5 6 5 4 5 4 3 3 0 0 -2 -3 -2 -2 0 1 -1 1 3 3 2 4 6 6 6 5 5 4 4 4 4 4 3 -3 -13 -19 -18 -27 -31 -17 -7 -11 -5 1 0 1 -7 6 9 11 16 16 16 20 19 20 21 25 24
-1 -4 -5 -4 -3 0 1 -1 -3 -3 1 5 5 4 3 1 -1 -2 -2 -2 -2 -2 -2 -1 0 1 2 2 2 2 2 2 1 1 2 2 3 4 8 7 8 6 7 5 5 3 2 1 0 0 1 2 2 3 2 5 7 6 6 7 8 9 8 9 8 7 6 6 3 -3 -8 -19 -21 -29 -26 -25 -15 -9 -15 3 6 4 -5 3 12 15 16 18 18 22 23 22 23 23 27 27
0 -2 -2 -2 -2 0 2 1 -1 -2 0 2 3 5 5 4 1 0 0 0 0 1 1 2 4 5 5 4 4 3 3 4 3 2 3 5 6 7 11 10 8 7 7 9 7 6 5 4 3 3 3 3 2 3 4 6 8 10 10 9 9 11 12 12 10 8 6 1 -7 -10 -15 -24 -25 -23 -24 -20 -13 -14 3 8 5 4 0 16 17 19 19 20 22 26 27 27 26 27 28 29
2 1 1 0 -1 0 1 1 0 -1 -1 0 3 6 7 5 3 2 2 3 3 4 5 6 7 9 8 7 6 4 5 6 6 5 7 8 9 11 15 13 11 9 8 11 10 9 8 8 6 6 7 7 4 4 5 6 8 10 10 9 9 9 11 10 8 6 3 -1 -8 -13 -23 -27 -17 -16 -15 -7 -6 -2 8 12 5 11 21 21 21 21 21 22 24 27 29 31 30 30 31 31
4 4 5 2 -1 0 1 2 2 0 0 2 4 6 7 6 5 4 4 5 5 7 8 9 11 11 11 11 10 8 9 9 9 8 10 11 12 14 16 15 14 12 11 12 12 12 11 10 9 9 10 10 8 6 7 7 9 10 9 9 9 8 7 7 4 3 1 -8 -15 -21 -19 -13 -14 -7 -4 3 2 3 10 12 13 24 25 23 24 24 24 24 26 28 31 32 32 33 33 34
8 7 7 5 3 3 4 4 4 3 2 2 4 6 7 6 6 6 6 6 7 9 11 12 14 14 15 14 13 12 12 12 12 12 12 12 14 15 18 17 16 14 14 14 16 15 14 14 13 12 10 9 10 9 9 9 10 10 11 9 10 7 4 1 -1 -1 -1 -12 -13 -10 -6 -8 -5 -1 8 6 12 9 0 10 20 25 27 26 26 25 25 26 28 30 31 33 34 35 35 37
8 6 7 9 8 8 7 7 7 6 4 2 4 5 7 8 8 8 8 7 9 13 14 15 16 17 17 17 16 16 15 14 13 13 13 13 14 14 17 19 18 16 15 15 16 17 17 16 16 13 11 12 13 13 13 12 13 12 13 13 9 8 3 -1 -1 -3 -5 -4 -6 -1 -3 -5 6 8 15 13 20 7 13 22 25 27 27 27 27 27 27 28 30 32 33 34 35 37 37 38
5 3 6 10 12 12 11 10 8 8 5 3 3 6 9 10 10 9 9 9 11 12 14 16 18 19 19 19 19 18 18 17 16 16 15 16 16 17 18 20 19 17 15 14 16 17 17 16 14 14 14 16 18 17 15 15 16 16 15 14 13 10 8 5 3 -2 -4 2 5 1 -3 -1 8 19 20 18 19 23 25 26 25 26 27 28 28 28 29 30 33 34 36 37 38 38 40 41
4 4 7 12 13 14 12 11 10 8 6 5 6 8 11 12 14 13 14 14 15 15 17 19 19 21 22 21 22 21 20 20 18 18 17 18 19 19 20 20 20 18 16 16 17 17 16 14 13 13 15 16 18 18 17 15 16 17 17 14 13 11 9 8 4 0 3 5 6 -6 0 5 13 22 22 20 26 27 27 25 24 26 27 28 28 29 30 32 36 38 38 38 39 40 42 43
8 8 10 12 13 13 12 11 10 8 6 7 9 11 14 16 16 17 18 19 19 18 19 21 20 22 23 23 24 23 22 20 20 20 21 21 21 22 23 23 23 21 19 19 18 19 18 16 16 15 16 16 17 18 17 16 15 14 15 14 13 8 6 7 1 2 4 2 6 9 8 13 19 27 28 30 30 29 27 26 25 26 28 28 29 30 32 34 37 39 40 40 41 43 44 45
11 11 12 13 12 11 10 9 10 9 9 11 13 14 16 17 18 20 22 21 22 22 22 23 23 23 24 24 24 24 22 21 21 22 23 23 23 24 23 23 23 22 20 20 20 21 19 18 17 16 17 16 16 14 15 16 11 13 14 13 11 9 7 3 -2 0 2 5 9 11 10 9 14 27 30 30 30 29 30 29 28 28 28 28 30 31 33 35 37 38 40 41 42 44 47 49
13 12 12 12 11 11 10 10 11 13 14 16 18 18 19 18 19 21 23 24 24 24 24 25 25 25 26 25 24 23 22 21 21 23 25 25 25 26 24 24 24 24 23 22 21 21 21 20 20 20 18 13 12 12 9 6 12 7 15 16 12 8 6 9 5 5 6 9 9 6 7 11 23 27 30 30 29 31 31 31 31 30 30 30 31 33 34 36 38 39 41 42 44 47 51 54
14 13 12 12 11 12 13 15 16 18 19 21 22 23 22 21 22 23 25 25 25 25 25 26 26 27 27 27 27 26 24 23 23 23 26 27 27 27 25 25 26 25 22 21 21 20 20 22 23 21 18 17 12 14 15 16 16 22 20 19 16 17 14 6 1 2 5 9 8 8 5 20 26 28 29 31 31 33 33 34 34 33 33 34 34 36 37 38 40 41 43 44 46 48 52 55
17 15 15 15 14 17 19 22 23 25 25 24 24 25 24 24 24 25 26 26 26 26 26 27 28 28 28 28 29 28 26 24 24 24 25 28 28 29 27 27 27 27 25 20 19 19 18 18 21 16 18 19 19 20 21 22 24 28 26 23 22 12 6 -3 4 7 9 11 18 23 23 27 30 31 34 36 37 37 37 37 36 37 37 37 38 39 39 42 43 44 45 47 48 51 54 56
22 20 20 20 19 22 25 28 30 31 29 27 27 27 28 28 27 27 28 28 27 27 27 28 29 28 29 30 30 30 27 26 26 28 30 31 32 30 30 29 27 26 25 20 20 19 17 16 21 23 24 23 23 23 25 27 26 27 28 26 15 11 5 2 7 8 14 22 29 31 31 32 35 38 39 39 40 39 38 37 38 39 39 40 41 42 43 45 45 47 48 50 52 54 56 58
25 25 25 26 26 29 31 34 35 34 32 31 29 31 32 32 31 30 30 29 28 29 28 29 29 29 29 29 29 30 30 29 32 33 33 33 34 34 33 30 28 25 21 21 21 19 15 16 27 27 26 26 28 28 30 30 27 27 23 19 11 8 4 8 16 27 30 31 34 36 37 39 40 40 41 41 41 40 39 40 42 42 42 43 45 47 47 48 49 49 50 52 55 57 59 60
30 30 31 31 33 34 37 40 39 37 36 34 33 34 35 36 34 33 32 32 31 31 30 30 30 30 29 29 29 29 29 32 34 36 36 34 34 35 34 32 29 23 21 21 22 23 20 27 31 31 32 31 30 32 33 31 24 15 15 10 1 2 15 23 32 32 30 34 37 40 42 43 43 44 44 44 44 42 42 44 47 46 46 47 48 50 51 51 51 52 53 55 58 60 61 62
31 34 35 34 36 38 40 42 41 40 38 36 36 36 38 38 37 37 36 35 34 33 32 32 31 32 32 32 32 30 29 32 34 37 39 37 34 33 35 35 32 24 23 22 23 29 32 33 35 37 35 33 32 31 30 25 22 12 12 13 14 17 34 39 37 37 38 39 41 43 45 47 47 48 46 45 45 46 47 49 49 51 50 51 52 53 54 55 55 55 57 59 61 63 65 66
30 33 36 36 39 42 43 43 43 42 40 38 37 39 40 39 39 39 39 39 37 36 35 34 34 33 33 34 34 33 32 34 35 38 40 38 35 35 37 35 30 26 27 25 32 32 34 36 39 39 32 28 24 11 16 12 23 27 10 5 29 37 42 42 44 44 44 43 44 45 47 49 50 51 49 47 46 48 50 52 52 54 55 55 55 56 57 57 58 58 59 61 63 65 66 68
34 35 36 38 42 44 45 45 44 43 42 41 41 42 44 44 43 42 42 42 41 40 39 39 38 35 34 33 34 35 35 38 40 41 40 37 36 37 36 29 27 32 28 35 36 34 35 39 39 27 16 5 0 5 9 19 23 29 24 27 39 42 38 43 46 48 46 47 46 47 48 51 52 52 51 51 50 52 54 54 54 56 57 58 59 60 60 60 60 62 63 63 65 66 68 71
38 40 42 42 45 46 47 47 46 45 44 44 45 46 46 46 46 45 44 43 42 42 42 42 41 39 37 36 35 35 37 38 39 40 40 39 38 35 28 28 31 31 38 40 38 37 38 38 23 22 22 25 22 22 8 9 16 31 29 37 49 49 47 50 50 51 52 51 51 51 51 52 54 53 53 53 54 54 55 56 57 57 59 61 62 63 63 63 63 65 65 67 67 69 70 73
43 45 47 47 47 47 48 48 47 46 46 46 48 50 49 48 47 46 45 46 45 44 45 46 44 42 39 39 39 39 42 41 41 41 41 40 40 35 29 31 35 35 43 41 41 39 35 29 17 18 18 16 27 22 19 13 28 30 35 46 54 53 52 52 52 53 55 54 53 54 54 56 57 57 54 55 56 57 58 59 59 59 60 62 64 65 66 65 67 68 69 70 71 72 73 74
49 50 50 49 48 49 49 48 47 47 47 48 51 52 51 50 49 47 46 47 47 47 49 49 46 44 43 44 43 43 44 45 43 41 41 41 36 35 37 42 37 46 44 42 43 36 33 32 33 30 22 14 27 18 21 35 35 46 52 55 56 55 54 54 54 55 57 57 56 56 57 58 60 60 57 58 58 59 60 61 62 62 63 65 66 67 68 69 70 71 73 74 74 74 77 77
