Example_data/Species_1/M_variables/Set_1/bio_16.asc
ncols         249
nrows         150
xllcorner     -108.16666292027
yllcorner     24.666671082377
cellsize      0.16666667535901
NODATA_value  -9999
[rows 39 to 77 of 150, columns 0 to 88 of 249]
-9999 -9999 -9999 -9999 -9999 -9999 -9999 -9999 -9999 -9999 -9999 -9999 -9999 -9999 -9999 -9999 -9999 -9999 -9999 -9999 -9999 171 174 180 185 190 193 198 206 209 210 213 220 227 231 234 234 235 234 234 236 238 238 241 242 243 245 249 253 257 261 265 267 269 270 267 260 256 256 256 254 252 248 249 254 259 264 269 271 272 274 280 284 287 294 302 305 306 307 309 308 310 315 318 322 324 328 333 337
-9999 -9999 -9999 -9999 -9999 -9999 -9999 -9999 -9999 -9999 -9999 -9999 -9999 -9999 -9999 -9999 -9999 -9999 -9999 -9999 168 174 178 183 187 188 191 197 202 203 206 212 225 234 240 241 237 236 235 236 239 242 243 242 242 240 244 250 255 259 260 263 265 266 267 265 260 257 255 254 249 242 235 236 249 259 266 272 275 276 278 282 285 289 297 303 308 311 313 314 314 315 319 321 323 325 328 334 340
-9999 -9999 -9999 -9999 -9999 -9999 -9999 -9999 -9999 -9999 -9999 -9999 -9999 -9999 -9999 -9999 -9999 -9999 -9999 161 169 178 179 186 194 198 201 205 199 201 210 223 234 240 241 238 235 235 235 238 240 242 243 244 245 246 249 254 255 257 260 263 266 267 267 265 259 257 256 252 245 230 210 209 235 258 269 276 278 280 283 284 288 293 300 303 312 319 318 317 319 321 323 327 328 329 331 337 342
-9999 -9999 -9999 -9999 -9999 -9999 -9999 -9999 -9999 -9999 -9999 -9999 -9999 -9999 -9999 -9999 -9999 -9999 -9999 157 167 177 177 183 190 196 202 205 208 216 221 227 232 235 237 235 236 236 238 240 243 246 247 249 252 253 253 257 260 262 263 266 268 268 267 266 262 261 258 254 244 228 199 193 227 260 275 282 283 284 287 288 292 297 301 308 314 322 321 319 321 324 327 331 333 332 336 340 344
-9999 -9999 -9999 -9999 -9999 -9999 -9999 -9999 -9999 -9999 -9999 -9999 -9999 -9999 -9999 -9999 -9999 -9999 156 159 167 169 171 179 188 190 197 202 207 212 216 221 226 230 232 232 232 233 235 240 244 248 251 251 253 253 256 262 266 269 268 268 269 268 266 264 263 263 261 258 252 243 227 226 244 266 281 289 293 290 287 290 295 299 304 312 315 321 322 321 323 326 328 333 335 335 338 343 345
-9999 -9999 -9999 -9999 -9999 -9999 -9999 -9999 -9999 -9999 -9999 -9999 -9999 -9999 -9999 -9999 -9999 161 157 160 163 165 172 177 183 192 200 203 207 212 215 219 222 223 224 224 226 227 232 236 242 248 251 252 251 252 256 262 270 273 271 270 269 267 265 262 260 262 263 263 263 259 258 260 268 281 290 295 300 297 294 294 297 301 305 310 316 319 322 324 325 327 328 331 334 335 339 341 345
-9999 -9999 -9999 -9999 -9999 -9999 -9999 -9999 -9999 -9999 -9999 -9999 -9999 -9999 -9999 -9999 -9999 157 155 162 170 171 172 176 181 187 194 202 206 209 212 216 218 219 218 218 219 220 224 227 233 241 248 252 253 254 257 262 269 272 271 269 266 265 263 261 262 263 266 270 271 276 279 282 286 294 297 299 301 302 302 300 301 304 306 309 311 314 322 326 329 326 324 326 331 336 337 337 340
-9999 -9999 -9999 -9999 -9999 -9999 -9999 -9999 -9999 -9999 -9999 -9999 -9999 -9999 -9999 -9999 157 157 162 168 175 173 176 180 182 185 188 195 203 211 215 217 218 219 218 214 211 210 209 212 220 232 242 250 253 256 258 263 269 269 270 268 265 263 262 261 262 265 271 274 279 287 293 296 300 301 302 303 303 305 306 304 305 307 310 310 310 314 321 325 326 325 324 325 328 333 334 334 337
-9999 -9999 -9999 -9999 -9999 -9999 -9999 -9999 -9999 -9999 -9999 -9999 -9999 -9999 -9999 -9999 154 160 170 174 179 185 183 184 187 190 194 196 200 205 213 220 222 221 218 213 205 198 189 193 207 223 239 249 255 258 260 265 268 271 271 269 265 263 262 264 265 270 276 281 288 295 298 301 304 305 306 307 305 306 307 304 304 310 313 314 314 314 318 323 325 324 324 324 325 327 327 329 330
-9999 -9999 -9999 -9999 -9999 -9999 -9999 -9999 -9999 -9999 -9999 -9999 -9999 -9999 -9999 141 157 161 168 175 180 186 189 189 194 194 197 204 208 210 212 216 221 224 221 214 205 190 176 179 200 219 235 248 255 259 262 266 271 273 274 271 268 264 266 269 272 275 280 285 291 297 300 302 302 303 304 305 306 307 306 304 302 308 316 317 318 316 315 317 324 325 324 324 323 323 323 323 326
-9999 -9999 -9999 -9999 -9999 -9999 -9999 -9999 -9999 -9999 -9999 -9999 -9999 -9999 -9999 138 161 163 171 175 181 185 191 196 200 204 208 213 215 220 223 227 228 225 223 216 207 195 185 189 205 220 234 247 254 259 263 266 270 274 275 273 272 270 273 278 279 280 283 286 290 294 298 298 297 298 298 302 305 308 304 303 304 308 316 319 319 318 313 315 323 328 328 326 324 323 322 324 326
-9999 -9999 -9999 -9999 -9999 -9999 -9999 -9999 -9999 -9999 -9999 -9999 -9999 -9999 -9999 141 166 167 171 175 180 185 188 193 198 203 208 213 216 221 226 229 232 231 231 224 214 208 207 210 216 226 235 246 253 258 262 268 271 272 274 276 277 279 282 284 285 283 283 284 287 292 294 297 296 298 301 301 305 309 306 304 305 310 318 323 324 324 320 322 326 328 330 329 327 325 326 327 329
-9999 -9999 -9999 -9999 -9999 -9999 -9999 -9999 -9999 -9999 -9999 -9999 -9999 -9999 142 153 163 169 173 174 179 182 185 189 196 202 208 213 218 222 228 232 234 233 231 227 222 220 223 226 228 232 240 247 252 256 261 267 271 274 276 277 278 281 284 286 287 285 281 281 286 291 295 296 294 293 297 296 300 308 309 311 312 315 323 328 331 333 332 332 333 332 333 332 328 329 330 329 330
-9999 -9999 -9999 -9999 -9999 -9999 -9999 -9999 -9999 -9999 -9999 -9999 -9999 -9999 169 165 158 164 166 169 174 177 179 185 193 197 203 206 212 223 226 229 230 230 232 230 229 230 232 236 238 238 244 251 255 261 263 265 268 272 275 278 279 283 286 289 289 287 283 283 288 290 293 295 292 293 296 295 300 306 312 320 322 322 327 331 335 338 339 338 338 335 334 332 328 329 331 331 333
-9999 -9999 -9999 -9999 -9999 -9999 -9999 -9999 -9999 -9999 -9999 -9999 -9999 -9999 181 165 160 160 160 165 167 172 176 181 187 189 195 202 209 216 221 228 233 235 234 233 231 231 234 237 240 244 247 254 257 261 265 269 272 273 275 278 281 284 286 288 290 291 291 289 289 290 292 292 294 296 301 301 302 308 314 322 325 325 327 331 333 337 341 339 338 334 333 331 328 327 330 330 333
-9999 -9999 -9999 -9999 -9999 -9999 -9999 -9999 -9999 -9999 -9999 -9999 -9999 187 193 182 171 165 158 158 161 166 170 177 182 187 192 199 205 213 224 231 232 232 232 232 231 231 233 235 242 249 255 258 261 261 264 269 272 276 277 279 282 285 287 290 290 292 294 291 290 291 294 296 298 299 306 308 307 310 315 319 324 326 326 329 331 332 333 336 336 332 329 328 329 330 328 329 334
-9999 -9999 -9999 -9999 -9999 -9999 -9999 -9999 -9999 -9999 -9999 -9999 -9999 196 215 177 165 163 158 154 156 160 166 171 175 181 186 193 199 210 222 226 226 228 229 231 231 231 233 238 246 253 261 261 261 262 266 269 272 274 275 276 281 283 285 287 288 287 289 289 289 291 295 297 299 302 305 310 312 313 316 321 324 326 329 328 326 328 328 333 335 332 327 329 331 330 327 329 335
-9999 -9999 -9999 -9999 -9999 -9999 -9999 -9999 -9999 -9999 -9999 -9999 -9999 154 198 192 165 161 158 154 156 161 166 169 171 174 179 188 198 210 217 218 220 224 226 228 229 231 235 240 250 259 263 263 262 258 263 269 273 273 271 270 274 276 280 281 283 285 288 288 287 290 295 299 301 304 308 312 315 317 322 325 325 329 330 329 326 328 330 334 336 332 327 329 331 331 326 330 334
-9999 -9999 -9999 -9999 -9999 -9999 -9999 -9999 -9999 -9999 -9999 -9999 -9999 136 185 211 165 162 158 156 160 166 168 172 173 176 179 186 198 208 213 215 217 219 222 225 228 228 233 240 248 257 263 265 263 261 265 271 274 272 269 267 267 271 274 276 278 282 286 286 286 289 297 303 306 308 312 314 316 319 325 328 330 332 333 333 332 333 335 337 338 334 329 328 326 327 326 327 332
-9999 -9999 -9999 -9999 -9999 -9999 -9999 -9999 -9999 -9999 -9999 -9999 143 175 194 189 168 167 162 160 165 171 173 176 175 180 182 186 196 206 209 212 214 217 220 223 223 227 231 239 252 259 262 263 261 262 265 269 272 271 268 265 267 270 270 271 273 279 283 286 288 290 301 309 313 315 316 316 317 323 330 334 336 340 342 342 343 343 344 343 342 338 332 328 326 322 325 325 329
-9999 -9999 -9999 -9999 -9999 -9999 -9999 -9999 -9999 -9999 -9999 -9999 152 219 211 171 171 171 162 165 175 179 178 178 178 182 183 188 195 202 204 207 210 212 215 220 222 223 227 240 250 256 258 259 258 260 262 265 266 266 262 262 264 263 263 262 266 273 278 286 290 295 304 312 317 320 323 324 325 331 337 341 346 348 349 353 354 353 354 350 349 345 341 336 330 328 326 325 326
-9999 -9999 -9999 -9999 -9999 -9999 -9999 -9999 -9999 -9999 -9999 -9999 154 187 215 200 179 176 166 174 181 183 182 180 180 182 183 191 196 199 201 204 206 208 211 213 217 223 228 234 243 251 253 252 252 254 258 259 259 257 256 257 258 259 259 260 261 268 275 282 289 298 307 314 319 322 327 332 338 343 349 352 354 354 354 357 359 360 360 361 358 356 351 345 341 337 332 330 329
-9999 -9999 -9999 -9999 -9999 -9999 -9999 -9999 -9999 -9999 -9999 -9999 185 179 174 186 178 178 176 178 183 187 186 184 183 182 186 192 194 197 199 201 202 204 205 208 216 221 226 233 239 244 247 247 246 249 252 253 253 252 252 253 253 253 254 257 261 268 276 281 287 298 310 320 323 324 327 337 344 353 356 355 356 355 356 359 364 368 368 365 363 361 356 352 349 343 338 336 333
-9999 -9999 -9999 -9999 -9999 -9999 -9999 -9999 -9999 -9999 -9999 -9999 179 159 164 186 196 181 200 186 191 193 190 186 183 182 181 183 191 194 197 198 200 201 203 205 213 220 225 230 235 238 241 240 241 247 250 252 251 248 249 251 253 254 255 258 263 270 276 281 287 299 310 318 322 324 331 342 351 354 353 351 351 350 352 359 367 373 370 367 363 360 357 354 354 349 342 337 334
-9999 -9999 -9999 -9999 -9999 -9999 -9999 -9999 -9999 -9999 -9999 -9999 168 149 160 179 186 198 214 211 207 207 199 192 187 181 178 177 180 187 193 196 198 200 201 205 211 218 224 227 229 233 235 236 240 245 251 253 249 246 246 250 253 255 256 259 265 270 277 282 289 300 311 314 315 323 334 344 351 353 352 348 346 340 339 351 365 371 365 362 360 357 358 357 357 357 350 343 340
-9999 -9999 -9999 -9999 -9999 -9999 -9999 -9999 -9999 -9999 -9999 -9999 154 150 161 175 188 206 234 215 200 204 195 194 183 175 171 171 173 177 183 186 190 196 200 203 208 215 222 223 224 226 229 234 238 244 248 249 244 246 246 251 256 260 263 266 271 275 280 287 292 300 309 311 312 320 334 341 346 349 349 347 346 334 330 346 360 366 364 363 364 359 357 359 361 361 355 349 345
-9999 -9999 -9999 -9999 -9999 -9999 -9999 -9999 -9999 -9999 -9999 -9999 130 159 173 179 189 201 240 229 190 192 184 183 174 165 162 167 167 171 175 180 184 191 197 200 206 211 218 219 221 224 225 229 234 240 245 244 241 240 242 247 255 262 265 270 276 279 284 290 294 299 306 311 312 320 331 338 340 339 343 347 348 344 341 348 356 363 364 364 364 360 357 357 358 359 357 354 350
-9999 -9999 -9999 -9999 -9999 -9999 -9999 -9999 -9999 -9999 -9999 -9999 124 148 171 174 167 172 198 194 179 171 165 166 162 155 150 157 158 167 171 176 180 184 192 197 201 205 209 212 215 219 224 229 233 237 243 245 243 241 243 247 254 263 269 274 277 279 285 290 291 295 304 309 313 318 330 336 335 336 341 349 355 355 353 350 355 360 361 362 364 361 355 355 357 359 359 355 351
-9999 -9999 -9999 -9999 -9999 -9999 -9999 -9999 -9999 -9999 -9999 -9999 156 157 136 143 150 148 145 155 161 155 148 149 147 141 140 147 151 158 167 171 174 180 186 195 198 202 204 207 210 215 222 227 233 238 241 243 243 241 244 249 255 262 268 272 274 277 281 286 292 297 307 313 319 324 331 336 335 338 344 351 360 364 361 356 357 357 359 359 361 360 357 356 355 356 356 353 351
-9999 -9999 -9999 -9999 -9999 -9999 -9999 -9999 -9999 -9999 -9999 -9999 160 137 188 150 158 186 161 147 144 139 136 133 135 133 133 139 146 153 160 168 171 177 182 190 195 198 200 204 208 213 219 225 230 236 240 243 244 246 246 249 254 261 266 269 271 273 277 284 290 297 305 314 320 328 333 338 338 339 345 353 361 363 360 360 358 357 358 360 361 361 360 360 357 353 353 352 351
-9999 -9999 -9999 -9999 -9999 -9999 -9999 -9999 -9999 -9999 -9999 -9999 116 115 170 203 162 204 203 165 149 144 137 133 128 128 130 135 141 148 154 161 167 175 180 184 189 193 196 201 206 212 217 223 231 236 241 244 246 248 250 253 255 260 264 266 266 270 275 283 290 297 304 311 318 327 336 340 340 340 343 349 356 360 361 361 360 358 359 362 362 363 362 360 356 354 352 350 347
-9999 -9999 -9999 -9999 -9999 -9999 -9999 -9999 -9999 -9999 -9999 123 104 107 118 203 181 180 216 179 155 152 147 136 130 129 130 136 143 149 156 162 171 177 182 186 189 190 193 196 203 210 216 222 231 239 246 249 248 251 253 256 257 258 261 263 265 270 276 281 289 295 302 308 317 327 336 342 343 340 339 343 350 355 360 360 357 358 361 363 365 365 363 362 359 357 352 350 345
-9999 -9999 -9999 -9999 -9999 -9999 -9999 -9999 -9999 -9999 -9999 108 100 101 109 131 182 157 160 160 152 157 160 144 135 133 138 140 147 153 160 168 176 180 185 188 190 190 191 194 200 209 217 224 232 240 248 250 250 253 257 260 261 260 259 262 265 270 276 281 286 292 298 304 313 325 336 342 343 342 339 341 345 350 356 356 354 356 363 365 369 367 366 364 362 358 353 350 346
-9999 -9999 -9999 -9999 -9999 -9999 -9999 -9999 -9999 -9999 169 116 98 96 103 146 218 186 169 160 159 162 157 148 145 143 143 146 155 162 169 176 180 183 186 189 190 191 191 192 199 209 218 225 233 239 246 249 251 256 261 266 264 262 261 263 266 271 276 281 286 289 293 301 308 319 330 337 337 340 338 342 345 350 354 354 351 356 363 369 371 369 368 366 362 358 352 349 347
-9999 -9999 -9999 -9999 -9999 -9999 -9999 -9999 -9999 -9999 230 150 102 96 100 112 137 198 198 200 175 162 155 151 149 145 152 161 169 174 178 181 183 183 187 190 193 194 194 195 202 211 219 227 234 239 242 243 248 255 260 264 265 264 261 262 265 271 278 282 285 288 291 296 305 313 322 327 330 333 335 339 345 350 353 353 356 357 362 367 369 369 368 365 362 357 351 348 343
-9999 -9999 -9999 -9999 -9999 -9999 -9999 -9999 -9999 268 221 157 114 103 109 118 144 232 234 184 182 176 157 153 154 157 166 176 180 182 184 185 186 187 190 191 194 195 198 202 209 215 222 226 231 237 238 239 242 248 254 257 261 262 261 262 265 269 275 281 288 289 288 294 304 310 317 322 323 324 327 337 342 346 352 356 359 358 358 363 364 362 363 363 360 357 351 345 341
-9999 -9999 -9999 -9999 -9999 -9999 -9999 -9999 -9999 247 232 182 132 116 118 124 163 251 212 185 182 185 211 180 168 176 182 190 185 181 183 184 187 190 192 191 193 196 200 207 213 219 224 228 230 233 234 235 235 240 248 253 256 258 254 255 262 267 274 280 288 288 287 290 302 310 317 319 320 317 323 336 339 342 349 351 355 355 354 357 357 358 361 360 357 354 351 346 339
-9999 -9999 -9999 -9999 -9999 -9999 -9999 -9999 -9999 181 236 204 165 135 127 143 211 249 193 197 205 210 211 230 215 204 190 185 180 178 179 182 184 186 189 193 197 199 202 208 213 218 222 226 230 232 233 233 231 236 246 253 252 253 254 256 259 265 272 277 283 286 287 291 300 312 322 321 317 317 326 331 330 334 342 343 347 349 350 349 351 357 359 359 355 355 352 347 340
-9999 -9999 -9999 -9999 -9999 -9999 -9999 -9999 175 164 220 220 182 148 141 169 243 234 195 193 198 197 192 209 218 216 202 195 189 186 185 187 188 191 193 196 197 198 202 206 211 216 219 223 227 231 231 230 229 232 242 247 247 247 247 253 259 265 272 276 280 289 294 297 302 309 318 317 316 318 329 332 330 331 335 337 342 345 347 349 351 355 357 358 357 357 351 346 343
