Example_data/Species_1/M_variables/Set_1/bio_16.asc
ncols         249
nrows         150
xllcorner     -108.16666292027
yllcorner     24.666671082377
cellsize      0.16666667535901
NODATA_value  -9999
[rows 39 to 77 of 150, columns 89 to 177 of 249]
338 338 336 335 336 337 337 334 329 324 320 312 307 307 305 307 310 309 307 305 304 302 299 293 293 292 295 297 296 295 290 281 271 268 -9999 -9999 -9999 -9999 -9999 -9999 -9999 256 255 259 266 272 270 270 269 265 259 252 248 245 242 241 241 241 240 242 240 239 235 233 231 231 234 -9999 -9999 -9999 -9999 -9999 -9999 -9999 -9999 -9999 -9999 -9999 -9999 -9999 -9999 -9999 -9999 -9999 241 245 248 253 253
340 340 340 339 338 339 339 338 335 331 323 317 316 312 315 315 316 318 316 314 310 309 302 300 297 296 296 297 299 298 291 285 276 271 -9999 -9999 -9999 -9999 -9999 -9999 -9999 256 257 260 264 267 269 270 268 265 258 252 246 242 241 239 238 239 239 242 244 242 238 236 231 231 234 -9999 -9999 -9999 -9999 -9999 -9999 -9999 -9999 -9999 -9999 -9999 -9999 -9999 -9999 -9999 -9999 -9999 -9999 259 262 266 268
347 342 339 340 340 340 340 339 339 337 331 324 319 316 314 315 316 321 318 317 311 310 306 305 304 301 301 303 303 302 299 295 287 279 275 -9999 -9999 -9999 -9999 -9999 -9999 261 263 269 270 270 273 271 269 266 260 252 245 242 239 237 236 239 241 244 247 246 243 239 234 231 234 -9999 -9999 -9999 -9999 -9999 -9999 -9999 -9999 -9999 -9999 -9999 -9999 -9999 -9999 -9999 -9999 -9999 271 273 278 288 289
347 345 341 340 341 340 338 338 337 337 335 333 327 324 320 312 313 316 319 315 310 307 310 308 307 304 306 308 310 308 306 301 293 285 280 -9999 -9999 -9999 -9999 -9999 -9999 265 269 274 276 274 273 273 270 266 261 254 247 244 241 240 239 239 241 244 247 246 246 241 235 231 -9999 -9999 -9999 -9999 -9999 -9999 -9999 -9999 -9999 -9999 -9999 -9999 -9999 -9999 -9999 -9999 -9999 286 288 289 297 310 304
345 343 342 340 340 338 335 334 334 335 337 334 329 324 321 318 313 312 315 313 311 306 308 310 309 309 312 313 314 313 308 303 295 287 283 -9999 -9999 -9999 -9999 -9999 -9999 268 270 277 281 277 277 277 273 267 263 257 252 249 246 245 243 241 242 243 247 251 249 245 -9999 -9999 -9999 -9999 -9999 -9999 -9999 -9999 -9999 -9999 -9999 -9999 -9999 -9999 -9999 -9999 -9999 296 303 311 321 318 311 312 314
343 341 340 338 339 336 333 329 330 332 335 335 329 323 320 318 317 313 311 314 312 309 309 311 315 316 315 315 315 315 310 305 297 290 287 -9999 -9999 -9999 -9999 -9999 272 271 274 279 280 280 277 276 274 270 268 263 259 255 253 251 249 247 242 245 250 251 252 248 -9999 -9999 -9999 -9999 -9999 -9999 -9999 -9999 -9999 -9999 -9999 -9999 -9999 -9999 281 287 297 317 337 339 335 325 327 327 321
343 338 335 337 338 335 334 331 329 332 335 335 331 327 321 317 317 315 316 315 318 315 315 314 316 318 318 318 317 317 313 308 299 295 290 -9999 -9999 -9999 -9999 277 275 275 277 279 281 280 277 277 277 275 274 272 269 263 260 257 253 250 248 249 252 253 -9999 -9999 -9999 -9999 -9999 -9999 -9999 -9999 -9999 -9999 -9999 -9999 -9999 282 283 286 289 301 317 329 336 334 329 332 332 333 325
338 335 334 334 335 334 333 332 332 332 335 334 332 329 322 318 318 317 320 318 318 316 317 314 315 316 317 317 317 314 311 308 303 297 295 290 -9999 -9999 283 281 280 279 278 279 280 280 279 280 279 280 280 280 277 269 263 260 256 253 253 253 254 256 -9999 -9999 -9999 -9999 -9999 -9999 -9999 -9999 -9999 -9999 274 279 286 292 295 300 312 321 327 336 339 341 339 340 339 342 335
330 329 329 331 333 332 333 333 334 333 334 335 331 328 323 318 317 318 319 319 317 314 313 314 313 313 312 311 309 310 309 306 304 300 297 292 289 290 292 293 292 288 285 284 284 284 282 283 283 282 283 279 274 269 264 261 259 258 257 256 258 260 -9999 -9999 -9999 -9999 -9999 -9999 -9999 -9999 265 269 276 288 294 300 306 312 322 328 333 338 343 343 343 340 342 344 342
327 325 326 326 327 329 329 331 332 332 333 331 326 322 320 317 315 317 318 317 315 312 310 312 311 308 306 305 304 304 302 302 304 301 298 295 293 296 302 306 300 295 294 292 290 289 288 286 286 285 281 276 270 266 265 264 263 261 261 262 263 265 266 266 266 264 263 261 261 263 268 278 293 298 294 300 305 311 323 332 337 339 343 343 342 341 341 342 344
326 325 326 324 323 322 324 326 327 327 327 324 319 315 314 315 315 319 319 316 312 309 307 305 304 304 303 301 301 298 301 303 307 310 309 307 303 303 305 305 303 302 302 302 302 299 295 293 290 286 281 275 269 268 270 268 268 267 269 270 270 273 274 277 275 272 270 268 268 272 277 287 295 296 289 292 298 306 320 329 335 338 342 344 343 340 338 340 342
327 328 326 324 323 321 320 322 323 322 321 319 313 305 307 313 315 317 316 315 311 307 306 300 300 303 301 300 298 297 300 303 308 314 314 314 309 306 304 305 305 306 308 310 315 310 302 295 291 287 280 272 272 273 274 274 274 276 278 279 281 283 286 287 287 285 280 278 278 283 284 289 295 293 289 289 295 303 314 325 332 335 342 343 344 341 337 337 338
331 330 330 330 324 322 322 323 323 321 320 316 312 304 301 307 311 313 313 311 307 304 305 301 302 301 298 297 299 297 299 303 307 310 312 312 311 308 305 305 305 306 308 312 315 310 303 296 292 286 276 271 272 275 275 278 279 284 286 285 287 290 295 295 296 295 292 288 289 290 287 291 294 293 292 292 295 299 308 316 324 330 333 340 341 341 337 335 338
332 331 330 330 327 324 324 325 324 321 319 316 310 302 303 308 310 310 309 308 305 304 303 302 304 302 297 295 297 296 297 300 305 308 311 311 310 308 303 301 302 303 305 308 308 307 302 296 292 285 277 273 274 276 278 279 281 286 289 289 290 296 301 303 303 304 302 299 296 293 291 292 295 297 299 297 298 298 302 310 316 323 326 331 338 342 341 338 331
333 332 330 329 328 330 330 330 329 325 321 318 312 305 307 310 310 307 306 306 305 302 302 306 305 301 297 294 294 294 295 298 303 309 312 312 310 306 300 298 301 299 299 301 302 304 302 298 292 288 283 279 277 278 280 284 287 289 290 289 293 300 306 312 313 310 310 306 303 302 297 295 297 301 302 301 299 298 296 300 310 316 319 326 334 342 343 335 329
334 334 331 328 329 331 332 332 331 327 324 319 316 312 312 312 309 307 306 309 304 300 302 306 306 304 300 296 295 295 297 300 304 308 313 313 311 304 299 299 300 299 298 299 301 304 302 298 294 292 288 284 279 278 283 287 290 290 291 289 294 303 309 318 317 317 315 315 310 307 302 301 301 305 305 304 302 300 293 297 303 309 316 323 333 342 344 338 328
338 337 334 327 327 329 330 330 330 329 326 322 318 312 311 311 311 309 306 303 298 297 299 304 304 304 304 301 299 297 298 303 308 312 315 316 311 304 300 301 303 302 301 298 299 300 299 295 294 294 293 290 285 285 288 291 292 297 297 293 296 303 310 319 319 319 318 318 312 308 308 305 305 307 310 310 307 306 299 295 297 305 314 318 329 336 340 336 330
339 342 337 328 324 326 327 326 326 326 329 325 318 315 313 314 314 311 306 298 295 293 295 301 304 304 306 303 302 303 304 305 310 316 320 319 315 313 310 309 310 309 306 303 301 300 297 294 297 300 301 299 293 290 291 297 300 303 303 298 299 305 311 318 321 321 323 318 314 309 309 307 306 310 314 313 312 312 307 302 297 300 310 320 327 335 327 332 314
337 340 337 329 324 323 324 323 320 322 325 323 321 318 317 316 316 310 305 300 293 290 292 298 301 305 307 307 308 308 312 311 312 318 322 322 323 324 323 320 319 317 313 306 305 306 304 304 307 311 311 305 300 295 295 301 309 309 309 302 301 303 308 316 321 322 321 317 313 312 307 303 308 319 320 316 319 319 312 307 302 309 316 332 337 323 318 316 293
332 336 337 333 330 328 326 323 322 323 322 320 320 318 317 315 310 308 308 302 295 288 288 294 299 307 311 310 311 310 312 312 314 318 323 325 330 333 334 329 326 322 315 313 314 317 319 320 321 318 316 312 306 302 299 298 304 310 309 302 300 299 301 308 315 321 323 317 311 311 308 305 315 325 326 324 328 325 319 312 311 319 337 337 326 318 312 298 292
329 333 338 338 337 337 332 326 325 325 323 317 316 315 314 309 305 308 309 304 296 289 288 294 301 308 311 311 311 311 311 312 315 320 323 327 334 338 340 337 331 322 315 317 321 326 328 329 328 321 318 316 308 305 301 297 304 309 308 303 300 296 297 308 313 319 323 320 316 313 310 311 318 325 329 332 335 334 326 320 316 342 345 339 335 317 307 284 284
329 335 340 341 342 341 336 331 329 328 324 319 313 309 308 304 302 303 305 303 297 294 294 298 303 307 311 310 310 310 311 313 318 322 325 326 332 340 343 339 331 324 318 319 319 322 328 331 329 325 320 315 310 305 306 306 311 313 311 306 301 298 303 313 317 317 317 318 316 311 306 307 314 321 328 335 340 338 332 326 338 355 357 353 340 317 295 272 274
334 337 340 343 344 343 338 334 331 329 327 322 314 307 301 301 297 297 298 299 298 299 300 301 304 309 309 310 310 310 311 312 316 319 322 326 334 341 346 343 333 325 323 320 316 319 325 330 329 325 322 316 308 308 311 315 318 321 316 309 304 301 305 315 317 315 312 311 311 308 302 303 312 321 330 337 342 338 329 337 355 368 371 359 340 305 278 272 274
335 337 338 342 342 340 336 333 331 329 327 322 313 308 301 296 294 293 292 295 298 301 304 306 306 306 307 310 311 310 308 310 314 318 321 329 335 341 346 344 338 332 328 325 317 319 325 328 330 328 323 315 315 315 318 320 322 323 318 313 310 305 302 309 314 314 310 309 308 306 303 309 317 324 333 340 345 340 336 346 361 378 375 369 348 300 279 283 279
336 336 337 337 337 335 333 330 328 326 323 319 311 306 302 293 294 293 293 295 296 298 301 304 303 302 306 309 310 310 308 309 313 318 323 330 337 343 348 348 344 336 332 329 324 324 328 331 331 328 322 321 318 315 320 322 325 325 322 316 313 304 301 307 310 312 310 310 309 310 313 315 323 329 339 346 353 350 352 363 370 373 376 376 330 287 281 286 282
342 338 337 340 336 330 327 325 322 320 318 317 312 306 298 294 292 291 291 291 293 295 297 299 299 300 305 309 308 309 308 309 313 321 327 332 338 343 351 352 345 340 337 332 330 329 333 337 336 331 328 324 324 320 322 326 328 328 322 316 312 303 305 309 314 314 311 307 311 315 320 322 328 337 345 351 358 365 372 383 369 372 362 350 300 284 289 286 281
346 340 338 339 337 330 326 322 317 316 314 311 310 305 301 297 294 293 292 290 293 294 295 296 299 303 308 310 310 313 317 322 326 330 333 335 338 344 349 350 348 341 337 334 331 333 338 341 337 334 332 330 329 324 325 327 328 329 324 319 319 310 307 314 321 320 312 312 314 320 324 329 334 343 352 362 366 387 408 408 378 376 363 317 289 293 281 273 280
349 343 340 338 336 332 326 322 319 318 314 312 307 301 298 295 294 293 290 291 294 295 294 295 303 309 312 316 321 323 328 334 337 338 340 338 337 343 346 349 347 344 344 342 342 338 343 344 345 342 341 337 332 328 327 330 333 333 330 328 323 321 315 318 324 323 318 316 318 324 328 332 338 346 354 370 389 402 424 410 396 364 338 305 290 300 275 278 287
350 347 340 338 335 331 327 324 321 319 316 314 309 304 298 295 296 294 289 292 293 294 296 300 309 316 321 323 327 335 340 343 342 343 345 345 345 343 343 346 349 349 344 343 343 339 347 349 350 349 345 339 335 332 333 332 334 339 340 340 334 328 323 324 325 324 322 323 324 326 331 336 342 347 362 385 398 403 413 399 369 351 321 300 303 278 281 292 302
347 343 339 333 330 328 326 326 323 320 318 314 312 308 303 302 300 297 296 294 295 301 307 309 314 320 323 330 333 338 343 346 345 346 347 348 351 348 346 348 351 347 343 340 341 337 348 352 349 348 340 336 333 333 333 337 342 343 346 346 343 335 330 331 328 330 333 334 338 339 340 342 343 347 357 373 383 396 396 358 340 326 302 296 291 282 289 305 313
345 341 337 333 330 329 327 328 323 320 316 313 311 310 310 308 308 308 303 301 304 310 315 317 320 325 330 336 339 342 344 345 349 348 346 346 348 350 350 352 352 347 343 338 336 339 346 349 348 347 342 338 334 336 337 342 347 351 353 352 347 340 336 335 334 338 341 345 350 351 349 347 342 341 351 363 374 361 337 334 315 307 296 295 293 290 299 313 319
341 340 337 334 331 328 327 324 322 321 313 310 309 312 315 315 317 320 316 311 311 317 325 326 329 332 338 343 345 346 347 348 350 348 346 344 346 348 351 356 353 351 345 339 337 343 353 354 351 349 346 342 342 341 341 342 346 356 360 353 348 344 338 338 340 342 348 350 356 356 354 348 337 329 341 339 328 311 313 307 304 294 297 290 296 317 310 315 318
343 340 336 334 330 326 325 323 322 318 312 311 315 319 321 321 327 330 330 324 320 326 333 338 338 343 347 351 352 353 351 350 351 350 349 349 348 350 353 359 357 356 352 349 350 353 357 359 354 354 351 346 345 343 344 344 349 356 357 354 349 341 338 335 340 339 344 352 351 353 350 339 327 321 311 310 295 294 299 287 291 289 295 286 307 307 305 313 312
344 340 336 333 330 327 326 323 322 320 319 320 323 326 328 332 335 335 338 338 337 340 345 350 355 356 358 360 363 364 360 355 355 357 355 356 353 353 354 358 361 360 357 358 358 364 364 364 362 362 361 354 350 351 350 352 352 352 350 349 347 342 336 332 333 339 342 343 341 339 335 324 317 309 291 283 284 292 293 289 283 288 295 296 294 298 303 307 306
341 338 333 331 331 328 328 325 324 325 324 326 329 330 335 336 339 341 345 348 349 352 359 357 362 359 361 363 367 367 365 363 360 359 362 360 356 354 352 358 365 367 363 364 367 369 372 371 370 371 368 364 361 358 358 358 356 351 351 348 347 342 336 331 332 335 340 339 336 329 323 315 305 291 283 278 300 290 286 284 284 291 300 295 293 296 299 304 303
339 337 334 334 332 329 330 328 331 334 333 332 333 335 336 337 340 345 352 357 359 361 361 365 364 363 363 365 369 369 369 368 365 362 364 361 359 355 352 355 361 363 366 370 370 368 371 372 372 370 367 366 362 359 357 353 355 355 356 353 348 341 333 334 335 336 336 336 336 331 320 316 301 290 289 281 277 282 284 288 289 293 292 292 292 293 296 299 301
336 337 337 335 330 329 329 334 339 338 338 338 339 338 340 343 348 354 363 366 368 368 371 369 368 367 369 368 368 370 369 368 367 365 364 363 361 360 358 360 360 361 365 368 370 373 374 373 370 370 366 361 359 357 355 352 358 360 361 358 354 344 333 342 336 336 337 337 336 332 328 326 310 295 288 283 284 290 299 307 305 301 297 294 294 294 295 296 298
337 335 332 328 324 321 325 330 339 341 342 344 346 347 350 354 356 363 369 377 379 376 376 377 374 374 376 378 376 375 372 370 366 362 365 366 367 368 368 367 364 362 363 366 371 374 373 370 365 363 358 358 357 358 356 357 363 366 370 367 360 358 357 341 350 335 333 338 343 339 326 321 307 296 291 297 306 309 314 320 319 310 303 301 298 297 296 295 295
336 331 328 327 322 324 326 330 340 343 343 346 350 354 358 362 362 365 369 377 378 379 381 383 381 379 381 384 383 380 376 373 370 369 365 366 367 368 370 370 368 369 372 372 372 372 369 364 366 366 363 362 361 363 360 359 366 370 367 367 356 346 337 336 324 328 330 335 332 334 344 342 328 314 309 315 322 330 339 334 325 317 308 303 299 299 298 297 296
