Example_data/Species_1/M_variables/Set_1/bio_15.asc
ncols         249
nrows         150
xllcorner     -108.16666292027
yllcorner     24.666671082377
cellsize      0.16666667535901
NODATA_value  -9999
[rows 88 to 131 of 150, columns 96 to 191 of 249]
18 19 19 20 20 19 19 20 21 21 21 21 20 20 20 19 19 19 19 19 20 19 19 19 19 19 19 18 18 18 18 18 18 18 18 17 17 17 17 16 16 17 16 15 14 13 14 14 13 13 12 11 11 10 10 11 10 11 11 11 11 11 11 11 12 12 13 14 14 14 15 16 17 18 19 19 20 22 23 24 24 25 26 27 28 28 28 28 27 27 27 27 25 24 23 22
18 19 19 20 20 20 20 20 21 21 22 22 21 20 19 19 19 19 20 20 20 20 20 19 19 19 19 19 18 18 18 18 18 18 18 18 18 18 17 17 16 17 16 15 14 14 14 13 13 12 12 12 12 11 11 12 12 12 13 13 12 12 12 12 13 13 14 15 15 15 16 17 18 19 20 21 21 22 23 24 25 26 27 28 30 30 30 29 28 28 27 27 25 24 23 -9999
17 18 19 20 20 20 20 20 20 21 21 21 21 20 19 19 19 19 20 20 20 20 20 20 20 19 19 19 18 18 18 18 18 18 19 19 19 18 17 17 17 17 16 16 15 15 15 14 15 14 14 13 12 13 13 13 13 13 13 13 12 12 13 14 14 15 15 16 16 16 17 18 19 20 21 22 22 23 23 24 25 26 28 29 31 31 31 30 29 29 28 -9999 -9999 24 24 -9999
17 18 19 19 20 20 20 20 20 20 20 20 20 20 20 20 19 20 20 20 20 20 20 20 20 19 19 18 18 18 18 18 18 18 19 19 19 18 18 18 18 18 18 17 17 16 16 16 16 15 14 13 14 14 14 14 15 14 13 13 12 12 13 14 15 16 16 17 18 18 18 19 20 21 22 23 23 23 24 24 25 27 28 29 31 32 32 31 30 -9999 -9999 -9999 -9999 -9999 -9999 -9999
17 18 18 18 19 20 20 20 20 20 21 20 20 20 20 20 20 20 20 20 20 20 20 20 20 19 19 18 18 18 17 17 18 18 19 19 19 19 19 19 19 18 18 18 17 17 16 16 16 15 15 14 14 14 15 15 15 14 14 13 13 13 14 15 16 17 18 18 19 20 20 20 21 23 24 24 23 24 24 25 26 27 28 29 31 32 32 -9999 -9999 -9999 -9999 -9999 -9999 -9999 -9999 -9999
16 18 17 18 18 19 20 20 21 21 21 20 20 20 21 21 21 21 21 21 21 20 20 20 19 19 19 18 18 18 18 18 18 19 19 19 20 20 20 19 19 18 18 18 17 17 16 16 16 15 15 14 14 14 15 15 15 15 14 14 14 14 15 16 17 18 20 20 21 22 22 22 23 24 24 24 24 24 25 27 27 28 28 29 30 31 32 -9999 -9999 -9999 -9999 -9999 -9999 -9999 -9999 -9999
15 16 16 17 18 19 20 21 21 22 22 21 21 21 21 21 21 21 21 21 21 20 20 20 20 19 19 19 19 19 19 19 19 19 19 20 20 20 19 19 18 18 18 17 17 17 16 16 16 15 15 15 15 15 15 16 15 15 15 15 15 15 16 17 18 20 21 22 22 23 24 23 24 24 25 25 25 26 26 27 28 28 29 30 30 30 -9999 -9999 -9999 -9999 -9999 -9999 -9999 -9999 -9999 -9999
15 15 16 17 18 20 20 21 22 22 22 22 21 21 21 21 21 21 21 21 21 21 21 20 20 20 20 19 19 19 19 19 19 18 19 20 20 20 19 19 18 18 17 17 17 17 17 16 16 16 16 16 16 16 16 16 16 15 15 15 15 16 17 18 19 20 21 22 23 24 24 24 24 24 24 25 25 26 27 28 28 28 -9999 -9999 -9999 -9999 -9999 -9999 -9999 -9999 -9999 -9999 -9999 -9999 -9999 -9999
14 15 16 17 18 20 21 21 22 22 22 22 21 21 20 21 21 20 21 21 21 21 22 21 21 20 20 19 19 19 19 18 18 18 19 20 20 20 19 19 19 18 18 17 18 17 17 17 17 17 17 17 17 17 17 17 16 16 15 15 16 17 17 18 20 21 22 22 23 24 25 24 25 25 25 26 26 27 27 28 -9999 -9999 -9999 -9999 -9999 -9999 -9999 -9999 -9999 -9999 -9999 -9999 -9999 -9999 -9999 -9999
14 15 16 18 19 20 21 21 22 22 22 22 21 21 20 20 20 20 20 21 21 21 21 21 21 20 20 20 19 19 18 17 18 19 19 20 20 19 19 20 19 19 19 18 18 18 17 17 17 17 18 17 18 18 18 18 17 16 16 16 16 18 18 19 20 21 22 23 24 24 25 26 26 26 26 27 27 28 27 -9999 -9999 -9999 -9999 -9999 -9999 -9999 -9999 -9999 -9999 -9999 -9999 -9999 -9999 -9999 -9999 -9999
15 16 17 19 20 21 21 21 22 22 22 22 21 21 21 21 20 20 20 21 21 21 21 21 21 21 20 20 19 18 18 18 19 19 20 20 20 20 20 20 20 20 20 19 19 18 18 18 18 19 18 18 18 18 18 18 17 17 17 17 17 18 19 20 21 22 24 24 25 26 26 27 28 28 28 28 28 28 28 -9999 -9999 -9999 -9999 -9999 -9999 -9999 -9999 -9999 -9999 -9999 -9999 -9999 -9999 -9999 -9999 -9999
16 17 18 19 20 21 21 21 22 22 22 22 21 21 21 21 20 20 20 21 21 21 21 21 21 21 20 19 18 18 19 20 20 20 20 20 20 20 21 21 21 21 21 20 19 19 19 19 19 20 19 19 19 18 18 18 18 18 17 18 18 19 20 21 23 24 25 26 26 27 28 28 30 30 29 29 29 28 -9999 -9999 -9999 -9999 -9999 -9999 -9999 -9999 -9999 -9999 -9999 -9999 -9999 -9999 -9999 -9999 -9999 -9999
17 18 19 20 21 22 21 21 22 22 23 22 22 22 22 21 21 20 21 21 21 21 21 21 21 21 21 19 18 18 19 20 20 20 20 20 20 21 21 21 22 21 21 21 20 20 19 19 19 20 20 20 19 19 19 19 19 19 19 19 19 19 21 23 24 26 27 28 28 28 29 30 32 32 31 30 -9999 -9999 -9999 -9999 -9999 -9999 -9999 -9999 -9999 -9999 -9999 -9999 -9999 -9999 -9999 -9999 -9999 -9999 -9999 -9999
18 19 20 20 21 22 22 22 22 22 22 22 23 22 22 21 21 20 20 21 21 22 21 21 21 21 21 20 19 19 20 20 21 21 20 21 21 21 21 22 22 21 22 21 20 20 20 20 20 20 20 21 20 19 19 19 19 20 20 20 20 21 22 24 26 27 28 29 30 30 31 32 33 33 32 -9999 -9999 -9999 -9999 -9999 -9999 -9999 -9999 -9999 -9999 -9999 -9999 -9999 -9999 -9999 -9999 -9999 -9999 -9999 -9999 -9999
18 19 20 21 22 22 23 23 22 22 22 22 22 22 21 21 20 20 20 21 21 22 21 21 21 21 21 21 21 21 21 21 21 20 20 21 21 22 22 22 22 22 22 21 21 21 20 20 21 21 21 21 20 20 20 20 20 20 21 21 21 22 23 25 27 29 30 31 32 32 33 33 34 34 -9999 -9999 -9999 -9999 -9999 -9999 -9999 -9999 -9999 -9999 -9999 -9999 -9999 -9999 -9999 -9999 -9999 -9999 -9999 -9999 -9999 -9999
19 19 20 21 22 23 23 22 22 22 22 22 21 21 20 20 19 20 20 21 21 21 21 21 21 21 21 22 22 22 22 22 21 21 20 20 21 21 22 22 21 21 22 22 21 21 21 21 21 21 21 21 20 20 20 20 21 21 22 22 22 23 25 26 29 31 32 33 34 35 35 34 -9999 -9999 -9999 -9999 -9999 -9999 -9999 -9999 -9999 -9999 -9999 -9999 -9999 -9999 -9999 -9999 -9999 -9999 -9999 -9999 -9999 -9999 -9999 -9999
19 20 20 21 22 22 22 22 22 21 21 21 20 20 20 19 19 20 20 21 21 21 21 21 21 21 21 21 22 22 22 22 21 21 20 20 20 21 21 21 21 21 21 22 22 22 22 22 22 22 21 21 21 20 21 21 22 22 23 23 24 25 26 29 31 34 35 36 36 36 35 -9999 -9999 -9999 -9999 -9999 -9999 -9999 -9999 -9999 -9999 -9999 -9999 -9999 -9999 -9999 -9999 -9999 -9999 -9999 -9999 -9999 -9999 -9999 -9999 -9999
18 19 20 21 21 22 22 22 21 21 21 20 20 19 19 19 19 19 20 21 21 21 20 20 21 20 21 21 22 22 22 22 21 21 20 20 20 20 20 21 21 21 21 22 22 23 23 23 23 23 22 22 22 21 22 22 23 24 24 24 25 26 28 30 33 36 38 38 37 -9999 -9999 -9999 -9999 -9999 -9999 -9999 -9999 -9999 -9999 -9999 -9999 -9999 -9999 -9999 -9999 -9999 -9999 -9999 -9999 -9999 -9999 -9999 -9999 -9999 -9999 -9999
18 19 19 20 21 21 21 21 20 20 20 20 20 19 19 18 19 19 19 20 21 21 20 21 20 20 20 21 22 22 21 21 21 20 20 20 20 20 20 21 21 21 21 22 23 23 23 23 23 23 22 22 22 23 23 23 24 25 25 26 26 27 29 32 34 37 38 38 -9999 -9999 -9999 -9999 -9999 -9999 -9999 -9999 -9999 -9999 -9999 -9999 -9999 -9999 -9999 -9999 -9999 -9999 -9999 -9999 -9999 -9999 -9999 -9999 -9999 -9999 -9999 -9999
18 18 19 19 20 20 20 20 20 20 20 20 19 19 18 18 18 18 18 19 20 20 20 20 20 20 20 21 21 21 21 21 20 20 20 20 20 20 20 21 21 21 22 22 23 23 23 23 23 23 22 22 22 23 24 24 25 26 27 27 28 29 30 32 34 36 37 -9999 -9999 -9999 -9999 -9999 -9999 -9999 -9999 -9999 -9999 -9999 -9999 -9999 -9999 -9999 -9999 -9999 -9999 -9999 -9999 -9999 -9999 -9999 -9999 -9999 -9999 -9999 -9999 -9999
18 18 18 19 19 19 19 19 19 19 19 19 19 18 18 17 17 17 17 18 19 19 19 19 19 20 20 20 20 20 20 20 20 20 19 19 19 20 20 20 20 21 22 22 23 23 23 23 23 23 23 22 22 23 24 25 26 27 28 29 30 31 32 33 35 36 37 -9999 -9999 -9999 -9999 -9999 -9999 -9999 -9999 -9999 -9999 -9999 -9999 -9999 -9999 -9999 -9999 -9999 -9999 -9999 -9999 -9999 -9999 -9999 -9999 -9999 -9999 -9999 -9999 -9999
17 17 17 17 18 18 18 18 18 18 18 18 18 18 17 17 17 17 17 18 18 18 18 19 19 19 19 19 19 19 20 20 20 19 19 19 19 19 20 20 20 21 21 22 23 23 23 23 23 23 23 22 23 24 25 27 27 29 29 30 31 32 33 34 35 36 -9999 -9999 -9999 -9999 -9999 -9999 -9999 -9999 -9999 -9999 -9999 -9999 -9999 -9999 -9999 -9999 -9999 -9999 -9999 -9999 -9999 -9999 -9999 -9999 -9999 -9999 -9999 -9999 -9999 -9999
16 16 16 16 16 17 16 16 17 17 17 17 17 17 17 16 16 16 17 17 18 18 18 18 18 18 18 18 18 19 19 19 19 19 18 19 19 20 20 20 20 20 21 22 22 22 23 24 23 23 23 23 24 26 27 27 28 29 31 31 32 33 34 35 36 36 -9999 -9999 -9999 -9999 -9999 -9999 -9999 -9999 -9999 -9999 -9999 -9999 -9999 -9999 -9999 -9999 -9999 -9999 -9999 -9999 -9999 -9999 -9999 -9999 -9999 -9999 -9999 -9999 -9999 -9999
15 15 15 14 15 15 15 15 15 16 16 17 17 17 16 16 16 16 17 17 17 18 18 18 18 18 18 18 18 19 19 19 19 19 19 19 20 20 20 20 20 20 21 21 22 22 23 23 23 23 23 24 25 28 28 28 29 30 31 32 33 34 34 35 36 -9999 -9999 -9999 -9999 -9999 -9999 -9999 -9999 -9999 -9999 -9999 -9999 -9999 -9999 -9999 -9999 -9999 -9999 -9999 -9999 -9999 -9999 -9999 -9999 -9999 -9999 -9999 -9999 -9999 -9999 -9999
13 13 13 13 13 13 14 14 15 15 15 16 16 16 16 16 16 16 16 17 17 17 18 18 18 18 18 18 18 19 19 19 19 20 20 21 21 21 22 22 21 21 21 21 22 22 23 23 23 24 24 25 27 29 30 29 30 31 32 33 34 34 34 36 36 -9999 -9999 -9999 -9999 -9999 -9999 -9999 -9999 -9999 -9999 -9999 -9999 -9999 -9999 -9999 -9999 -9999 -9999 -9999 -9999 -9999 -9999 -9999 -9999 -9999 -9999 -9999 -9999 -9999 -9999 -9999
12 12 12 12 12 12 13 13 14 15 15 15 16 16 16 16 16 17 17 18 18 18 18 18 19 19 19 19 19 20 21 21 21 22 22 23 23 23 23 23 23 22 22 22 22 23 23 24 24 24 25 25 27 29 30 30 31 32 34 35 35 35 36 36 37 -9999 -9999 -9999 -9999 -9999 -9999 -9999 -9999 -9999 -9999 -9999 -9999 -9999 -9999 -9999 -9999 -9999 -9999 -9999 -9999 -9999 -9999 -9999 -9999 -9999 -9999 -9999 -9999 -9999 -9999 -9999
11 11 11 12 12 13 13 14 15 15 15 15 15 16 17 17 17 17 18 19 19 19 19 19 20 19 19 20 20 21 22 23 24 24 25 25 25 25 25 25 25 24 23 24 24 24 25 25 25 25 26 27 28 29 30 31 32 33 35 36 36 37 37 38 38 -9999 -9999 -9999 -9999 -9999 -9999 -9999 -9999 -9999 -9999 -9999 -9999 -9999 -9999 -9999 -9999 -9999 -9999 -9999 -9999 -9999 -9999 -9999 -9999 -9999 -9999 -9999 -9999 -9999 -9999 -9999
12 12 13 13 13 13 14 15 15 16 15 15 15 16 17 17 17 18 18 20 19 19 19 20 20 20 20 21 21 22 24 25 26 27 27 27 27 27 27 27 27 26 26 26 26 26 27 27 27 27 28 29 30 31 32 32 33 35 36 37 38 38 39 39 39 -9999 -9999 -9999 -9999 -9999 -9999 -9999 -9999 -9999 -9999 -9999 -9999 -9999 -9999 -9999 -9999 -9999 -9999 -9999 -9999 -9999 -9999 -9999 -9999 -9999 -9999 -9999 -9999 -9999 -9999 -9999
14 15 15 16 15 15 15 15 16 16 15 15 16 16 17 17 17 17 18 19 19 19 20 20 21 21 21 22 23 24 24 -9999 -9999 -9999 -9999 -9999 28 29 29 29 29 29 28 28 28 28 29 29 29 30 31 33 33 34 34 34 35 36 38 39 40 40 40 40 40 -9999 -9999 -9999 -9999 -9999 -9999 -9999 -9999 -9999 -9999 -9999 -9999 -9999 -9999 -9999 -9999 -9999 -9999 -9999 -9999 -9999 -9999 -9999 -9999 -9999 -9999 -9999 -9999 -9999 -9999 -9999
18 18 19 19 18 17 17 16 16 16 16 17 16 16 16 17 17 18 -9999 -9999 -9999 -9999 -9999 -9999 -9999 -9999 -9999 -9999 -9999 -9999 -9999 -9999 -9999 -9999 -9999 -9999 -9999 -9999 30 31 32 32 32 31 31 31 31 31 31 33 35 37 37 38 37 37 37 38 39 41 41 41 41 40 39 38 -9999 -9999 -9999 -9999 -9999 -9999 -9999 -9999 -9999 -9999 -9999 -9999 -9999 -9999 -9999 -9999 -9999 -9999 -9999 -9999 -9999 -9999 -9999 -9999 -9999 -9999 -9999 -9999 -9999 -9999
21 22 23 23 22 20 19 18 18 17 17 18 17 16 17 17 18 18 -9999 -9999 -9999 -9999 -9999 -9999 -9999 -9999 -9999 -9999 -9999 -9999 -9999 -9999 -9999 -9999 -9999 -9999 -9999 -9999 -9999 33 33 34 34 34 33 33 33 -9999 -9999 -9999 37 39 40 41 40 40 40 41 41 41 42 41 40 40 38 37 -9999 -9999 -9999 -9999 -9999 -9999 -9999 -9999 -9999 -9999 -9999 -9999 -9999 -9999 -9999 -9999 -9999 -9999 -9999 -9999 -9999 -9999 -9999 -9999 -9999 -9999 -9999 -9999 -9999 -9999
24 25 25 25 25 23 22 21 20 19 18 18 17 17 17 18 19 19 -9999 -9999 -9999 -9999 -9999 -9999 -9999 -9999 -9999 -9999 -9999 -9999 -9999 -9999 -9999 -9999 -9999 -9999 -9999 -9999 -9999 -9999 36 36 37 36 36 35 -9999 -9999 -9999 -9999 -9999 42 43 43 42 41 42 42 42 42 41 41 40 40 38 37 -9999 -9999 -9999 -9999 -9999 -9999 -9999 -9999 -9999 -9999 -9999 -9999 -9999 -9999 -9999 -9999 -9999 -9999 -9999 -9999 -9999 -9999 -9999 -9999 -9999 -9999 -9999 -9999 -9999 -9999
26 27 28 27 26 26 24 24 23 21 20 19 19 18 18 19 20 -9999 -9999 -9999 -9999 -9999 -9999 -9999 -9999 -9999 -9999 -9999 -9999 -9999 -9999 -9999 -9999 -9999 -9999 -9999 -9999 -9999 -9999 -9999 -9999 38 38 38 -9999 -9999 -9999 -9999 -9999 -9999 -9999 -9999 44 44 41 42 43 43 41 41 41 41 40 40 38 38 37 -9999 -9999 -9999 -9999 -9999 -9999 -9999 -9999 -9999 -9999 -9999 -9999 -9999 -9999 -9999 -9999 -9999 -9999 -9999 -9999 -9999 -9999 -9999 -9999 -9999 -9999 -9999 -9999 -9999
-9999 28 28 -9999 27 27 26 25 24 23 22 21 20 19 20 22 25 25 -9999 -9999 -9999 -9999 -9999 -9999 -9999 -9999 -9999 -9999 -9999 -9999 -9999 -9999 -9999 -9999 -9999 -9999 -9999 -9999 -9999 -9999 -9999 -9999 -9999 -9999 -9999 -9999 -9999 -9999 -9999 -9999 -9999 -9999 44 43 43 45 46 44 43 41 41 41 40 40 40 38 38 -9999 -9999 -9999 -9999 -9999 -9999 -9999 -9999 -9999 -9999 -9999 -9999 -9999 -9999 -9999 -9999 -9999 -9999 -9999 -9999 -9999 -9999 -9999 -9999 -9999 -9999 -9999 -9999 -9999
-9999 -9999 -9999 -9999 28 28 27 26 25 24 23 22 22 21 21 23 26 26 26 26 -9999 -9999 -9999 -9999 -9999 -9999 -9999 -9999 -9999 -9999 -9999 -9999 -9999 -9999 -9999 -9999 -9999 -9999 -9999 -9999 -9999 -9999 -9999 -9999 -9999 -9999 -9999 -9999 -9999 -9999 -9999 -9999 -9999 44 45 46 46 45 44 43 41 41 40 40 41 40 39 39 -9999 -9999 -9999 -9999 -9999 -9999 -9999 -9999 -9999 -9999 -9999 -9999 -9999 -9999 -9999 -9999 -9999 -9999 -9999 -9999 -9999 -9999 -9999 -9999 -9999 -9999 -9999 -9999
-9999 -9999 -9999 -9999 -9999 -9999 -9999 27 26 25 24 23 23 -9999 -9999 -9999 26 27 27 -9999 -9999 -9999 -9999 -9999 -9999 -9999 -9999 -9999 -9999 -9999 -9999 -9999 -9999 -9999 -9999 -9999 -9999 -9999 -9999 -9999 -9999 -9999 -9999 -9999 -9999 -9999 -9999 -9999 -9999 -9999 -9999 -9999 -9999 -9999 46 47 47 46 45 43 42 41 40 42 43 43 41 41 -9999 -9999 -9999 -9999 -9999 -9999 -9999 -9999 -9999 -9999 -9999 -9999 -9999 -9999 -9999 -9999 -9999 -9999 -9999 -9999 -9999 -9999 -9999 -9999 -9999 -9999 -9999 -9999
-9999 -9999 -9999 -9999 -9999 -9999 -9999 -9999 -9999 -9999 -9999 -9999 -9999 -9999 -9999 -9999 27 -9999 -9999 -9999 -9999 -9999 -9999 -9999 -9999 -9999 -9999 -9999 -9999 -9999 -9999 -9999 -9999 -9999 -9999 -9999 -9999 -9999 -9999 -9999 -9999 -9999 -9999 -9999 -9999 -9999 -9999 -9999 -9999 -9999 -9999 -9999 -9999 -9999 -9999 -9999 48 47 47 45 43 41 41 42 45 45 44 43 43 -9999 -9999 -9999 -9999 -9999 -9999 -9999 -9999 -9999 -9999 -9999 -9999 -9999 -9999 -9999 -9999 -9999 -9999 -9999 -9999 -9999 -9999 -9999 -9999 -9999 -9999 -9999
-9999 -9999 -9999 -9999 -9999 -9999 -9999 -9999 -9999 -9999 -9999 -9999 -9999 -9999 -9999 -9999 -9999 -9999 -9999 -9999 -9999 -9999 -9999 -9999 -9999 -9999 -9999 -9999 -9999 -9999 -9999 -9999 -9999 -9999 -9999 -9999 -9999 -9999 -9999 -9999 -9999 -9999 -9999 -9999 -9999 -9999 -9999 -9999 -9999 -9999 -9999 -9999 -9999 -9999 -9999 -9999 48 48 48 47 45 44 43 45 46 47 47 45 44 43 -9999 -9999 -9999 -9999 -9999 -9999 -9999 -9999 -9999 -9999 -9999 -9999 -9999 -9999 -9999 -9999 -9999 -9999 -9999 -9999 -9999 -9999 -9999 -9999 -9999 -9999
-9999 -9999 -9999 -9999 -9999 -9999 -9999 -9999 -9999 -9999 -9999 -9999 -9999 -9999 -9999 -9999 -9999 -9999 -9999 -9999 -9999 -9999 -9999 -9999 -9999 -9999 -9999 -9999 -9999 -9999 -9999 -9999 -9999 -9999 -9999 -9999 -9999 -9999 -9999 -9999 -9999 -9999 -9999 -9999 -9999 -9999 -9999 -9999 -9999 -9999 -9999 -9999 -9999 -9999 -9999 -9999 -9999 49 49 48 47 47 48 47 48 49 49 47 45 43 -9999 -9999 -9999 -9999 -9999 -9999 -9999 -9999 -9999 -9999 -9999 -9999 -9999 -9999 -9999 -9999 -9999 -9999 -9999 -9999 -9999 -9999 -9999 -9999 -9999 -9999
-9999 -9999 -9999 -9999 -9999 -9999 -9999 -9999 -9999 -9999 -9999 -9999 -9999 -9999 -9999 -9999 -9999 -9999 -9999 -9999 -9999 -9999 -9999 -9999 -9999 -9999 -9999 -9999 -9999 -9999 -9999 -9999 -9999 -9999 -9999 -9999 -9999 -9999 -9999 -9999 -9999 -9999 -9999 -9999 -9999 -9999 -9999 -9999 -9999 -9999 -9999 -9999 -9999 -9999 -9999 -9999 50 50 50 48 49 50 51 50 49 48 48 46 43 43 -9999 -9999 -9999 -9999 -9999 -9999 -9999 -9999 -9999 -9999 -9999 -9999 -9999 -9999 -9999 -9999 -9999 -9999 -9999 -9999 -9999 -9999 -9999 -9999 -9999 -9999
-9999 -9999 -9999 -9999 -9999 -9999 -9999 -9999 -9999 -9999 -9999 -9999 -9999 -9999 -9999 -9999 -9999 -9999 -9999 -9999 -9999 -9999 -9999 -9999 -9999 -9999 -9999 -9999 -9999 -9999 -9999 -9999 -9999 -9999 -9999 -9999 -9999 -9999 -9999 -9999 -9999 -9999 -9999 -9999 -9999 -9999 -9999 -9999 -9999 -9999 -9999 -9999 -9999 -9999 -9999 50 50 51 51 51 51 52 52 51 50 49 47 44 40 39 -9999 -9999 -9999 -9999 -9999 -9999 -9999 -9999 -9999 -9999 -9999 -9999 -9999 -9999 -9999 -9999 -9999 -9999 -9999 -9999 -9999 -9999 -9999 -9999 -9999 -9999
-9999 -9999 -9999 -9999 -9999 -9999 -9999 -9999 -9999 -9999 -9999 -9999 -9999 -9999 -9999 -9999 -9999 -9999 -9999 -9999 -9999 -9999 -9999 -9999 -9999 -9999 -9999 -9999 -9999 -9999 -9999 -9999 -9999 -9999 -9999 -9999 -9999 -9999 -9999 -9999 -9999 -9999 -9999 -9999 -9999 -9999 -9999 -9999 -9999 -9999 -9999 -9999 -9999 -9999 -9999 -9999 51 52 53 54 54 54 53 52 51 50 47 43 38 36 -9999 -9999 -9999 -9999 -9999 -9999 -9999 -9999 -9999 -9999 -9999 -9999 -9999 -9999 -9999 -9999 -9999 -9999 -9999 -9999 -9999 -9999 -9999 -9999 -9999 -9999
-9999 -9999 -9999 -9999 -9999 -9999 -9999 -9999 -9999 -9999 -9999 -9999 -9999 -9999 -9999 -9999 -9999 -9999 -9999 -9999 -9999 -9999 -9999 -9999 -9999 -9999 -9999 -9999 -9999 -9999 -9999 -9999 -9999 -9999 -9999 -9999 -9999 -9999 -9999 -9999 -9999 -9999 -9999 -9999 -9999 -9999 -9999 -9999 -9999 -9999 -9999 -9999 -9999 -9999 -9999 53 53 53 54 55 55 54 53 53 53 51 49 45 40 37 37 -9999 -9999 -9999 -9999 -9999 -9999 -9999 -9999 -9999 -9999 -9999 -9999 -9999 -9999 -9999 -9999 -9999 -9999 -9999 -9999 -9999 -9999 -9999 -9999 -9999
-9999 -9999 -9999 -9999 -9999 -9999 -9999 -9999 -9999 -9999 -9999 -9999 -9999 -9999 -9999 -9999 -9999 -9999 -9999 -9999 -9999 -9999 -9999 -9999 -9999 -9999 -9999 -9999 -9999 -9999 -9999 -9999 -9999 -9999 -9999 -9999 -9999 -9999 -9999 -9999 -9999 -9999 -9999 -9999 -9999 -9999 -9999 -9999 -9999 -9999 -9999 -9999 -9999 -9999 -9999 -9999 55 55 57 57 56 55 55 55 54 53 52 49 44 40 39 -9999 -9999 -9999 -9999 -9999 -9999 -9999 -9999 -9999 -9999 -9999 -9999 -9999 -9999 -9999 -9999 -9999 -9999 -9999 -9999 -9999 -9999 -9999 -9999 -9999
