Example_data/Species_1/M_variables/Set_1/bio_16.asc
ncols         249
nrows         150
xllcorner     -108.16666292027
yllcorner     24.666671082377
cellsize      0.16666667535901
NODATA_value  -9999
[rows 78 to 116 of 150, columns 0 to 88 of 249]
-9999 -9999 -9999 -9999 -9999 -9999 -9999 -9999 161 161 197 214 175 152 139 191 271 226 206 192 186 186 197 221 222 213 208 201 196 190 184 187 189 192 193 194 197 198 202 206 210 216 218 224 229 231 233 231 231 230 235 241 247 252 250 253 261 264 270 277 286 296 301 302 304 308 310 310 308 314 323 327 330 329 333 337 343 346 348 352 353 355 357 358 358 357 352 347 344
-9999 -9999 -9999 -9999 -9999 -9999 -9999 -9999 172 170 178 188 152 147 141 160 231 242 241 192 187 188 196 207 207 206 207 200 195 189 184 185 189 192 192 194 196 198 204 208 213 217 220 225 227 229 232 233 230 230 230 238 247 252 255 256 259 264 269 280 291 305 307 307 307 308 308 307 306 309 312 319 325 330 336 344 347 348 351 358 360 364 367 365 361 358 356 352 349
-9999 -9999 -9999 -9999 -9999 -9999 -9999 -9999 195 159 146 139 134 141 172 215 270 251 235 212 199 195 194 201 204 200 201 199 192 189 186 185 190 193 195 193 196 200 204 209 214 217 222 223 224 224 226 228 228 227 230 241 249 253 257 263 266 268 272 281 293 303 304 306 311 313 311 309 308 309 312 320 328 333 342 347 351 353 360 365 367 368 369 368 365 361 361 357 356
-9999 -9999 -9999 -9999 -9999 -9999 -9999 199 238 229 230 168 131 159 214 281 251 229 227 221 210 205 198 202 202 200 195 191 193 190 188 188 192 196 198 197 198 202 206 209 212 218 222 222 223 223 226 230 231 232 239 244 252 260 265 268 272 274 277 283 291 297 301 303 311 314 316 315 314 315 319 326 332 338 345 349 356 362 367 371 369 369 368 369 366 363 362 359 365
-9999 -9999 -9999 -9999 -9999 -9999 -9999 176 220 239 245 177 135 175 280 313 249 215 216 224 210 206 194 201 203 198 188 190 199 195 192 195 196 198 201 202 202 204 209 211 215 215 215 219 221 222 221 225 229 232 239 247 255 262 268 274 277 279 282 286 292 298 303 308 312 316 318 321 323 325 329 335 339 340 345 351 358 364 370 371 371 369 372 371 372 368 371 376 377
-9999 -9999 -9999 -9999 -9999 -9999 -9999 164 179 216 196 159 163 203 274 290 251 221 214 216 215 209 192 193 195 202 186 192 199 199 200 198 198 198 202 206 207 206 207 210 214 217 221 226 231 230 229 229 230 236 243 249 255 263 270 277 279 282 285 290 296 303 309 312 318 321 323 324 326 331 336 341 346 348 347 351 359 363 370 371 373 374 377 377 376 377 374 378 382
-9999 -9999 -9999 -9999 -9999 -9999 -9999 128 130 158 132 140 158 195 224 244 230 212 219 222 220 204 180 178 182 192 190 190 195 197 199 198 197 197 200 206 209 213 210 217 220 223 226 231 234 236 233 232 235 241 246 251 258 262 269 276 280 282 287 295 304 311 315 318 321 324 329 329 331 335 341 347 351 349 350 352 358 363 368 370 372 375 374 373 365 359 367 371 375
-9999 -9999 -9999 -9999 -9999 -9999 -9999 130 127 121 121 141 154 167 204 209 198 194 201 199 194 181 176 174 177 188 186 186 189 191 192 193 200 203 206 207 208 212 217 227 227 228 231 232 234 233 230 230 233 240 248 255 260 261 264 269 277 283 289 297 305 314 318 320 324 330 337 341 339 341 346 352 353 351 350 352 358 362 365 365 368 368 362 349 337 340 346 355 362
-9999 -9999 -9999 -9999 -9999 -9999 122 120 119 109 181 169 170 172 197 200 182 172 175 177 184 181 178 186 192 188 185 190 192 196 195 199 207 210 213 215 218 221 226 230 232 231 235 236 236 238 233 229 232 240 248 253 256 256 255 256 264 279 289 294 303 309 315 318 325 332 339 344 344 344 346 351 353 355 355 356 362 367 369 371 368 359 341 314 306 323 347 371 374
-9999 -9999 -9999 -9999 -9999 -9999 119 114 109 107 174 178 159 165 192 196 178 173 174 178 178 180 183 185 187 190 192 192 197 198 197 206 207 210 212 215 220 223 227 230 233 232 232 234 233 230 226 227 231 239 247 252 250 242 235 234 249 273 286 293 297 302 313 321 328 335 340 343 345 347 350 356 359 360 361 366 372 375 380 381 377 354 323 292 299 322 358 374 380
-9999 -9999 -9999 -9999 -9999 121 115 113 104 111 166 188 158 161 183 189 177 170 171 175 174 176 185 192 202 193 197 200 211 208 205 205 205 206 208 213 219 223 226 223 224 229 226 231 230 226 222 223 227 236 244 249 249 231 199 204 241 272 287 298 303 308 315 322 330 335 339 344 348 350 354 360 365 366 370 374 383 387 388 390 383 367 343 332 331 365 378 388 398
-9999 -9999 -9999 -9999 -9999 149 125 110 104 115 193 172 157 157 168 176 174 169 169 171 174 172 175 185 198 199 202 204 206 202 202 200 201 202 205 211 217 220 223 227 223 218 219 219 222 218 216 218 224 233 240 246 246 228 200 209 248 275 290 301 309 315 320 325 330 331 338 345 348 349 353 360 366 372 381 389 392 398 400 403 404 396 387 379 385 399 409 416 417
-9999 -9999 -9999 -9999 148 150 124 113 109 123 203 172 163 163 172 170 172 169 166 168 169 172 172 177 188 193 196 199 200 197 199 199 200 202 206 209 214 217 220 223 224 221 214 210 209 209 210 213 221 229 237 242 243 236 227 235 254 274 291 302 308 314 318 322 326 329 334 343 349 349 353 358 365 376 389 397 399 402 407 415 418 419 415 421 425 436 430 427 426
-9999 -9999 -9999 -9999 149 144 147 116 117 140 163 187 184 180 176 172 177 168 169 169 170 172 174 174 178 184 190 194 197 198 199 199 200 201 204 207 211 213 216 218 223 226 218 212 209 210 209 213 219 227 234 239 240 239 243 250 260 274 288 298 302 307 313 318 323 330 333 341 346 351 353 358 362 372 384 391 394 398 406 412 421 423 430 440 452 461 452 446 438
-9999 -9999 -9999 190 187 169 144 122 133 164 170 185 183 191 208 193 179 168 162 163 164 166 168 170 178 187 190 191 196 199 199 199 197 200 204 207 208 209 211 216 219 221 215 210 208 208 208 211 217 224 232 235 237 240 246 252 261 272 283 291 294 299 304 312 318 322 327 334 342 350 355 358 359 363 371 379 383 387 394 405 416 428 433 435 440 446 445 440 431
-9999 -9999 -9999 186 193 201 172 130 145 162 151 178 181 182 193 191 176 163 159 158 162 161 164 167 174 184 190 193 199 200 201 202 202 203 204 206 205 206 208 213 216 217 216 212 209 209 210 213 218 222 224 229 232 237 243 250 259 268 276 283 285 289 295 304 311 317 323 332 341 348 358 360 359 358 363 369 371 378 385 395 406 415 418 422 420 423 424 424 417
-9999 -9999 -9999 227 211 203 191 135 137 140 151 185 180 166 187 196 181 168 159 157 159 163 163 165 174 185 192 194 201 203 204 204 204 205 203 203 201 202 205 208 210 211 215 213 210 210 212 213 215 218 222 225 231 235 239 244 253 263 270 275 279 281 288 297 305 312 320 327 336 343 354 358 356 356 357 361 364 371 379 386 392 398 402 406 404 404 405 404 402
-9999 -9999 217 221 225 161 142 128 133 134 171 186 167 162 208 206 189 176 165 159 159 156 160 166 176 183 192 195 198 200 202 204 205 203 201 197 196 199 202 205 207 208 212 213 212 212 212 214 215 218 221 224 230 234 238 242 250 259 266 272 274 276 285 295 305 311 318 328 335 342 349 354 357 356 356 356 360 367 375 378 380 384 387 387 384 384 390 391 390
-9999 -9999 229 205 238 160 129 132 133 134 165 152 145 174 221 226 239 216 173 159 158 156 156 167 174 181 190 196 197 199 201 203 205 202 200 194 199 199 203 206 208 209 208 209 207 208 210 213 215 217 220 225 232 237 240 246 253 259 266 272 274 278 286 294 305 313 321 332 340 347 352 356 357 355 353 353 355 358 363 367 369 369 368 369 367 368 373 379 380
-9999 -9999 232 212 176 144 139 135 144 153 145 128 146 218 296 234 215 194 180 163 157 153 156 165 171 180 192 193 196 198 200 202 202 200 197 194 199 202 205 207 204 204 204 204 205 204 208 212 214 215 220 226 230 236 242 251 260 265 268 271 275 280 287 295 307 316 327 340 344 347 352 353 353 351 348 349 347 347 352 355 359 358 357 355 356 358 362 368 371
-9999 272 240 199 160 136 139 148 191 177 125 124 135 206 269 271 235 208 189 171 159 154 155 163 169 180 192 194 195 196 197 197 198 195 193 194 198 201 204 206 205 202 201 201 201 203 208 212 213 215 219 224 231 237 241 250 261 266 271 273 274 280 289 299 307 315 324 334 343 345 347 348 348 348 349 350 346 343 347 351 353 352 352 349 348 349 353 355 359
-9999 283 249 201 158 142 146 147 183 148 119 121 131 184 287 283 244 217 192 170 159 156 156 160 169 180 191 192 193 193 192 193 192 190 187 190 193 197 199 202 202 198 200 202 203 206 209 212 214 214 219 224 230 235 241 249 257 265 271 272 276 282 288 295 302 308 314 323 339 342 342 342 343 347 348 348 344 343 344 348 352 353 354 352 347 345 345 349 350
-9999 249 259 198 159 161 154 143 161 160 120 122 129 179 307 279 236 213 185 168 159 155 154 161 169 179 188 189 187 186 188 186 186 183 182 182 185 188 193 198 197 200 203 204 203 208 213 213 213 214 217 224 232 234 237 244 254 262 267 269 272 281 288 288 294 301 304 313 330 332 334 336 339 343 345 341 338 339 342 346 351 352 352 347 341 338 344 348 349
-9999 215 225 192 160 146 148 142 144 165 125 123 128 178 298 273 229 204 179 165 158 155 154 160 165 171 179 183 181 180 182 181 179 178 177 178 180 183 186 189 192 193 198 201 205 212 216 216 216 216 219 224 232 235 235 241 251 261 267 269 267 277 285 287 286 295 302 310 318 321 323 327 338 343 339 335 333 336 341 344 346 348 345 347 344 340 341 346 347
-9999 180 198 172 159 161 150 140 139 165 138 128 132 143 200 219 202 182 179 162 156 153 153 157 160 165 169 171 172 172 175 174 174 173 174 174 178 180 185 186 187 190 193 199 209 217 219 217 214 213 218 224 229 229 232 241 253 260 262 266 268 273 284 289 294 300 304 311 311 311 311 316 329 337 335 331 329 332 336 340 343 347 351 351 349 346 342 342 350
161 155 160 152 153 159 153 140 137 165 132 131 137 148 159 157 162 149 158 158 150 155 159 157 158 158 164 166 165 165 166 168 168 170 170 171 174 176 178 181 186 187 192 201 211 221 223 224 218 216 219 225 228 225 234 244 253 262 269 273 272 280 286 295 302 306 306 309 307 307 306 310 320 329 330 326 328 330 332 335 343 346 349 352 350 348 343 341 352
149 143 139 138 137 142 142 137 128 160 131 131 136 151 156 145 136 132 127 137 141 151 161 157 153 155 159 160 155 156 156 160 162 165 166 168 170 174 171 171 180 183 192 200 211 221 228 227 225 222 224 228 230 233 240 249 258 266 277 282 280 283 291 297 302 303 302 303 303 307 307 309 314 319 322 322 324 326 329 334 340 344 344 347 349 349 345 343 353
146 139 135 147 132 139 138 134 127 126 127 128 137 157 152 146 131 123 119 121 137 138 149 151 149 151 152 150 147 145 148 152 155 157 159 162 165 167 168 170 179 186 193 200 207 219 223 222 221 221 225 230 233 238 247 257 259 266 276 281 279 284 291 295 296 297 298 297 302 306 308 308 311 315 318 322 323 325 327 331 338 340 341 344 347 350 350 350 356
157 142 140 131 130 141 138 131 128 126 129 125 137 155 146 139 128 120 117 126 112 128 141 145 146 144 143 142 142 137 139 144 149 151 153 155 160 162 166 171 177 186 193 203 210 212 216 216 216 218 225 232 237 242 248 256 258 262 267 271 273 279 287 292 290 288 287 289 297 302 305 306 307 311 317 321 321 324 324 328 333 339 341 344 348 350 353 357 362
152 144 139 133 132 131 129 127 125 126 120 124 130 146 145 136 128 121 116 114 102 121 135 142 143 141 137 135 134 132 132 135 139 143 149 153 157 161 165 172 178 185 192 199 209 214 213 210 208 211 220 230 237 242 246 248 251 254 257 261 264 274 282 285 284 277 274 283 292 298 303 304 306 306 311 319 317 317 322 324 330 336 339 344 348 350 353 364 372
-9999 -9999 -9999 -9999 -9999 -9999 -9999 -9999 -9999 -9999 123 121 128 135 146 141 132 126 120 120 116 121 134 141 142 141 137 130 129 128 127 129 132 138 144 152 156 162 166 173 180 186 192 199 205 205 207 206 207 209 214 223 229 234 238 239 237 244 252 257 261 270 280 283 280 272 266 276 288 295 299 301 304 304 306 312 314 312 314 319 327 332 338 343 349 353 359 371 382
-9999 -9999 -9999 -9999 -9999 -9999 -9999 -9999 -9999 -9999 -9999 128 126 134 140 148 141 136 131 133 130 134 140 143 143 140 136 129 125 126 124 126 131 137 145 153 158 163 168 174 179 185 191 196 198 197 198 201 204 207 210 216 222 228 230 230 231 238 248 253 261 269 276 279 280 276 272 281 287 293 294 296 301 304 305 309 312 313 314 319 326 332 338 344 352 361 367 376 387
-9999 -9999 -9999 -9999 -9999 -9999 -9999 -9999 -9999 -9999 -9999 -9999 138 139 136 142 152 148 147 147 143 145 150 147 146 143 139 132 130 130 127 128 131 137 146 157 159 164 171 177 183 188 195 197 198 197 199 203 203 208 209 215 221 226 228 227 230 237 251 257 262 268 275 279 281 279 279 281 285 288 290 295 301 304 306 310 312 315 319 323 329 337 341 349 357 366 374 384 394
-9999 -9999 -9999 -9999 -9999 -9999 -9999 -9999 -9999 -9999 -9999 -9999 -9999 162 141 137 153 152 154 157 156 154 160 160 161 153 145 139 137 134 133 133 136 142 149 153 159 167 173 180 185 191 195 198 201 201 203 205 205 205 207 213 218 223 227 232 238 243 256 262 263 270 275 277 281 282 280 281 281 285 290 296 303 307 309 313 315 319 325 331 337 345 352 358 360 372 384 393 405
-9999 -9999 -9999 -9999 -9999 -9999 -9999 -9999 -9999 -9999 -9999 -9999 -9999 -9999 -9999 147 144 158 174 165 165 164 168 181 188 166 158 150 148 144 141 138 143 151 158 162 164 165 172 179 184 192 195 200 203 204 204 202 202 199 201 208 216 224 231 235 241 248 256 268 269 271 275 280 281 282 281 281 285 290 294 299 306 311 314 318 322 328 334 342 352 359 367 370 373 378 389 401 415
-9999 -9999 -9999 -9999 -9999 -9999 -9999 -9999 -9999 -9999 -9999 -9999 -9999 -9999 -9999 -9999 164 163 175 168 171 171 174 194 206 203 188 174 161 155 152 151 150 157 164 167 168 165 168 177 185 191 197 200 205 206 206 203 202 200 202 207 215 224 229 234 240 247 255 269 274 275 277 282 282 284 286 290 295 297 302 305 310 316 322 326 333 340 344 353 362 373 380 384 385 387 392 404 416
-9999 -9999 -9999 -9999 -9999 -9999 -9999 -9999 -9999 -9999 -9999 -9999 -9999 -9999 -9999 -9999 -9999 -9999 179 170 175 176 175 191 199 191 195 188 171 170 172 167 161 162 163 164 164 166 170 177 185 191 197 201 207 209 207 206 202 198 198 202 213 223 233 242 250 255 255 263 272 276 278 279 282 285 291 299 306 307 306 308 311 320 326 333 342 350 357 362 370 380 388 392 394 398 399 400 406
-9999 -9999 -9999 -9999 -9999 -9999 -9999 -9999 -9999 -9999 -9999 -9999 -9999 -9999 -9999 -9999 -9999 -9999 -9999 179 186 188 177 170 159 173 190 191 192 203 200 185 173 166 164 161 162 164 169 177 184 189 195 199 204 207 206 205 206 204 202 211 222 232 239 254 264 266 267 269 271 274 277 277 280 286 292 301 310 311 309 308 309 319 325 336 349 360 368 374 380 388 394 399 403 409 412 412 410
-9999 -9999 -9999 -9999 -9999 -9999 -9999 -9999 -9999 -9999 -9999 -9999 -9999 -9999 -9999 -9999 -9999 -9999 -9999 191 194 194 188 171 163 171 195 210 205 195 189 190 175 163 159 157 157 161 168 178 184 189 191 195 202 205 207 208 213 215 221 225 234 240 245 254 267 273 274 276 281 280 273 273 281 289 294 300 309 313 313 309 310 318 323 332 348 364 377 381 384 392 399 406 411 418 425 422 417
