Example_data/Species_1/M_variables/Set_1/bio_2.asc
ncols         249
nrows         150
xllcorner     -108.16666292027
yllcorner     24.666671082377
cellsize      0.16666667535901
NODATA_value  -9999
[rows 39 to 77 of 150, columns 89 to 177 of 249]
115 115 114 114 114 114 114 116 118 119 117 116 115 114 114 115 117 118 119 119 117 116 115 116 116 117 117 115 112 110 107 103 97 93 -9999 -9999 -9999 -9999 -9999 -9999 -9999 94 95 100 106 109 112 114 116 117 116 115 113 112 111 110 109 109 110 112 111 109 106 102 99 96 94 -9999 -9999 -9999 -9999 -9999 -9999 -9999 -9999 -9999 -9999 -9999 -9999 -9999 -9999 -9999 -9999 -9999 92 93 95 99 102
116 116 116 116 116 115 116 117 119 122 122 122 118 114 112 112 114 114 115 115 116 116 117 117 117 117 117 115 113 110 107 101 96 93 -9999 -9999 -9999 -9999 -9999 -9999 -9999 93 96 100 105 109 110 113 115 117 116 114 112 111 110 109 108 107 108 109 109 107 104 101 98 96 94 -9999 -9999 -9999 -9999 -9999 -9999 -9999 -9999 -9999 -9999 -9999 -9999 -9999 -9999 -9999 -9999 -9999 -9999 94 96 100 104
117 117 117 117 116 116 116 117 119 121 123 124 119 115 112 111 111 113 115 117 117 117 118 118 117 117 117 115 114 111 108 103 97 93 91 -9999 -9999 -9999 -9999 -9999 -9999 93 96 101 106 110 111 113 114 116 116 115 112 110 109 108 106 105 106 107 106 104 101 99 97 96 96 -9999 -9999 -9999 -9999 -9999 -9999 -9999 -9999 -9999 -9999 -9999 -9999 -9999 -9999 -9999 -9999 -9999 94 97 101 105 108
119 118 118 118 117 117 117 118 118 120 122 121 119 114 111 109 109 112 114 116 117 117 118 120 118 117 116 115 114 113 110 105 99 94 92 -9999 -9999 -9999 -9999 -9999 -9999 93 96 102 109 112 112 113 114 115 116 115 112 110 108 107 105 104 104 105 104 102 99 97 97 96 -9999 -9999 -9999 -9999 -9999 -9999 -9999 -9999 -9999 -9999 -9999 -9999 -9999 -9999 -9999 -9999 -9999 93 97 102 106 110 113
119 119 119 118 118 117 118 118 119 120 121 121 120 117 113 109 110 113 114 115 115 118 118 118 117 116 115 116 115 114 112 107 101 97 94 -9999 -9999 -9999 -9999 -9999 -9999 93 95 104 110 112 112 112 113 114 115 114 112 110 109 107 106 104 104 104 102 98 97 96 -9999 -9999 -9999 -9999 -9999 -9999 -9999 -9999 -9999 -9999 -9999 -9999 -9999 -9999 -9999 -9999 -9999 92 93 96 100 105 111 114 116
119 119 119 119 119 119 119 119 119 119 119 121 121 120 116 113 112 115 116 116 117 118 117 117 115 114 115 116 116 115 112 108 103 98 96 -9999 -9999 -9999 -9999 -9999 97 98 100 105 110 110 111 112 112 113 113 113 112 110 110 109 107 106 106 103 98 95 94 93 -9999 -9999 -9999 -9999 -9999 -9999 -9999 -9999 -9999 -9999 -9999 -9999 -9999 -9999 95 95 95 95 97 101 105 110 114 116 119
118 119 120 120 120 120 120 119 118 117 117 120 121 120 118 117 115 114 116 119 120 118 116 116 115 114 114 115 115 115 113 109 103 99 97 -9999 -9999 -9999 -9999 99 101 103 104 107 109 111 112 112 112 112 112 113 112 112 112 111 110 109 108 102 96 92 -9999 -9999 -9999 -9999 -9999 -9999 -9999 -9999 -9999 -9999 -9999 -9999 -9999 99 99 99 97 98 100 102 104 107 111 115 118 119 122
117 118 119 120 121 121 121 120 118 116 116 118 120 120 117 114 112 112 113 116 118 117 116 115 115 114 114 114 115 115 114 111 106 100 98 98 -9999 -9999 101 102 103 104 106 109 110 111 113 112 112 111 112 113 114 114 114 114 113 110 108 103 97 93 -9999 -9999 -9999 -9999 -9999 -9999 -9999 -9999 -9999 -9999 99 100 101 102 104 104 103 105 107 109 112 114 116 118 120 119 121
117 117 119 121 121 121 121 121 119 117 116 117 119 118 115 111 107 108 111 114 117 117 117 116 115 115 114 115 116 116 115 113 107 103 100 102 104 105 104 104 105 105 107 109 110 112 112 112 112 112 113 115 116 116 115 114 113 111 108 105 101 96 -9999 -9999 -9999 -9999 -9999 -9999 -9999 -9999 101 101 101 104 105 108 109 110 111 112 114 117 118 119 120 121 122 121 121
117 117 119 120 120 119 120 121 120 118 118 118 118 117 113 108 104 105 109 113 116 117 118 117 116 115 115 116 116 116 116 113 110 106 106 107 109 108 107 106 108 109 109 111 111 111 112 113 112 113 114 116 118 117 116 114 113 111 109 107 104 99 94 91 93 98 102 104 104 103 103 103 105 107 110 112 114 116 117 118 119 122 123 122 123 122 123 123 123
118 118 118 119 119 118 119 119 119 118 118 118 117 116 113 110 109 108 110 113 115 117 118 119 118 117 115 115 116 118 116 114 112 110 110 112 113 113 112 111 112 113 113 113 112 112 113 113 113 114 116 117 118 118 116 114 113 112 111 109 106 104 100 98 100 103 107 109 106 105 105 106 108 111 115 116 118 120 120 120 122 123 124 124 123 122 122 123 122
120 118 118 118 116 116 117 119 119 119 118 118 117 117 115 114 112 111 111 113 114 116 118 121 120 117 115 116 116 117 117 116 114 113 114 116 117 118 116 115 115 116 116 115 114 114 114 114 114 115 116 118 119 118 116 114 113 111 111 110 109 107 105 105 106 108 111 111 109 107 108 109 111 114 119 120 119 122 121 122 123 124 125 126 123 120 117 119 121
121 119 118 117 116 114 117 118 119 119 118 117 116 117 117 117 115 112 112 113 115 117 118 120 119 118 117 116 116 117 117 116 115 115 116 117 118 118 118 118 118 117 116 115 115 115 115 115 114 114 116 118 119 118 116 114 111 109 109 110 110 110 109 109 109 110 112 112 110 109 110 110 113 117 121 123 122 123 122 124 124 125 126 125 124 120 117 119 118
121 119 118 117 117 117 119 120 120 119 118 116 115 116 117 117 116 113 114 115 115 116 117 119 119 118 117 116 116 117 117 117 116 116 116 117 117 118 118 118 118 117 116 115 117 117 117 116 114 114 115 116 118 116 115 113 111 110 110 112 114 113 112 111 110 111 113 113 112 111 112 112 115 118 121 123 122 123 122 123 124 124 126 126 123 120 118 119 121
121 120 119 118 119 120 121 122 121 119 117 115 115 116 117 118 117 116 116 115 115 115 116 116 118 118 117 116 116 116 117 117 116 115 115 116 116 116 117 118 118 117 115 114 116 117 117 115 114 114 114 115 116 115 114 113 111 111 113 115 116 116 115 113 112 114 115 115 114 113 114 115 117 119 121 122 122 121 121 122 123 124 126 125 123 120 118 120 121
123 123 122 121 121 122 124 123 122 119 116 115 114 117 118 118 118 117 117 116 116 115 115 116 117 117 117 117 116 116 115 115 115 114 114 115 115 115 116 117 118 117 114 113 115 115 114 113 113 114 114 114 114 114 113 112 112 112 114 116 118 119 118 116 117 118 119 118 117 114 117 119 119 119 119 120 121 120 120 120 123 125 126 126 124 121 120 120 120
124 125 125 124 123 123 125 124 121 118 116 114 114 116 118 118 118 118 118 118 118 116 116 117 118 117 117 117 116 115 113 112 113 113 114 115 116 115 115 116 117 116 115 115 115 114 112 112 113 114 114 114 114 113 112 112 112 112 115 117 119 120 119 118 120 122 123 120 118 115 118 121 120 118 117 118 120 122 120 122 124 125 126 126 124 122 121 122 117
124 124 123 124 123 123 123 123 121 118 117 114 113 114 117 118 118 118 119 119 118 116 117 118 119 119 118 119 118 115 112 112 112 114 115 116 117 117 117 117 117 116 115 115 115 112 110 111 113 114 114 115 115 114 112 112 112 114 116 118 119 120 120 118 119 122 122 121 120 120 120 120 121 118 117 119 121 123 123 124 126 127 127 125 124 119 122 118 119
123 123 122 123 122 122 122 122 120 118 116 114 112 113 115 117 118 119 119 118 117 116 117 119 120 120 120 119 118 116 113 113 114 115 117 118 119 119 119 118 117 117 115 115 114 111 110 112 115 115 115 116 117 114 112 111 112 116 118 120 119 119 119 117 119 122 123 123 121 121 123 123 122 121 121 122 123 125 126 127 127 127 127 122 118 119 118 119 125
122 122 121 121 121 122 123 123 121 119 116 113 109 111 114 116 119 119 118 117 115 115 116 118 120 121 120 120 119 117 116 115 115 115 117 119 120 121 121 119 117 116 115 114 114 113 113 116 117 119 119 119 118 114 111 109 112 115 116 118 118 117 117 118 121 123 124 124 122 123 126 125 124 123 124 126 127 128 129 128 127 127 123 122 121 119 118 123 124
122 121 120 121 120 121 123 125 124 121 116 112 112 113 115 117 119 119 118 117 116 115 116 119 120 121 121 120 119 118 118 116 116 116 117 119 120 120 119 118 116 115 114 114 114 115 116 118 120 122 121 120 120 116 111 109 111 112 114 115 116 117 118 120 123 126 127 126 124 125 126 125 125 125 127 129 131 131 130 127 126 122 122 123 119 119 120 128 126
121 120 120 120 119 119 122 125 125 123 119 116 116 119 118 119 120 119 118 117 117 117 118 119 121 121 121 120 119 117 117 116 115 116 117 119 119 120 119 118 117 116 115 115 116 117 118 119 121 124 123 122 120 117 114 111 111 110 111 113 115 119 121 122 124 127 128 128 126 125 124 124 125 128 130 133 135 135 131 127 123 122 122 121 119 120 125 133 131
121 120 120 119 118 116 119 122 124 123 121 121 121 123 124 122 122 119 118 118 118 119 119 120 121 121 121 119 118 116 116 116 116 117 118 119 119 119 119 119 118 118 117 117 118 118 118 119 122 125 124 122 120 118 116 113 111 109 110 113 116 120 123 124 126 128 129 129 127 124 122 123 126 129 132 135 137 136 133 129 125 124 123 122 121 125 133 133 131
121 120 120 118 116 116 117 120 122 123 123 124 125 125 127 126 123 120 119 118 118 119 120 121 121 121 121 120 119 118 117 117 117 117 118 118 119 120 120 120 118 118 118 118 119 120 120 120 122 122 122 121 117 117 118 115 112 111 112 115 118 122 126 128 129 130 131 130 128 126 123 124 128 131 134 136 137 137 135 131 128 125 124 122 121 129 134 130 130
121 121 120 119 118 117 117 119 122 123 124 126 127 128 127 128 124 120 117 116 116 118 119 121 121 121 121 120 119 119 118 118 118 117 118 118 119 120 120 119 119 120 120 120 122 122 121 121 121 122 122 119 116 118 119 117 115 114 115 118 120 125 128 129 131 131 132 131 131 130 128 130 133 134 136 138 137 137 134 131 129 127 124 119 126 135 133 129 130
121 121 121 119 119 119 117 119 123 125 127 126 126 127 129 127 123 119 115 114 115 116 118 119 120 120 120 120 120 120 119 119 118 118 118 119 119 121 121 121 122 123 122 124 124 124 122 121 121 122 122 120 117 119 121 119 118 118 120 123 123 126 127 129 131 132 133 134 132 133 133 135 137 137 138 139 138 137 133 128 128 123 122 121 133 135 129 129 132
123 123 122 120 120 121 119 121 125 128 130 130 128 127 127 127 124 118 115 115 114 115 116 117 119 120 120 121 121 120 119 119 118 118 118 118 120 121 123 124 125 126 125 125 125 125 123 122 123 124 123 121 119 123 123 123 122 123 124 125 124 127 128 129 130 132 133 132 132 132 134 135 136 137 138 138 139 134 126 121 124 117 115 126 132 129 131 135 133
125 125 123 122 123 123 124 125 129 130 133 132 133 133 131 129 126 122 119 117 115 115 116 116 117 119 120 121 121 120 119 119 118 118 118 118 120 122 123 124 126 127 125 123 123 124 123 124 124 125 123 121 120 123 125 124 124 126 127 128 129 129 131 131 130 131 132 131 130 130 131 132 135 136 137 136 134 131 121 120 116 118 119 126 130 125 134 134 132
127 125 125 124 125 127 128 128 129 132 133 134 135 135 135 134 131 128 124 119 118 117 117 116 116 118 120 120 121 120 119 119 118 117 117 119 121 122 122 122 123 124 124 122 121 123 124 125 126 126 125 122 121 122 124 125 127 128 129 129 132 134 135 134 132 131 133 131 130 129 128 129 131 133 132 130 130 126 119 118 121 120 123 127 124 134 134 130 127
129 129 129 130 131 132 132 130 130 128 131 136 138 138 137 136 136 135 128 123 121 119 118 118 118 119 120 120 121 120 119 118 118 117 118 120 122 122 122 122 122 123 122 121 120 122 124 127 129 127 125 122 120 120 123 125 127 130 131 132 135 138 140 137 134 133 133 133 130 129 126 126 128 130 131 130 127 120 117 128 127 127 131 130 130 135 134 126 125
128 128 130 132 134 134 135 130 130 126 132 139 142 140 137 137 136 133 132 128 125 122 121 121 120 121 121 121 122 121 120 119 118 117 118 120 121 122 122 122 121 122 121 120 120 122 125 128 130 128 125 121 118 119 122 125 127 131 134 135 137 141 141 141 139 136 134 133 131 128 127 125 127 128 126 124 120 125 132 130 132 131 134 132 131 133 131 127 128
127 128 129 130 133 136 139 137 133 129 135 142 144 141 137 136 135 131 130 130 129 126 123 123 123 122 122 122 122 122 121 120 118 118 119 120 122 122 122 122 122 122 121 120 120 125 128 128 129 127 124 121 118 119 122 126 130 132 134 138 141 142 143 144 143 139 135 134 131 128 126 124 124 126 120 124 129 136 134 134 132 135 131 133 131 124 127 130 129
129 127 129 128 132 138 140 138 133 131 134 140 140 139 137 137 133 131 131 131 130 128 125 124 124 122 121 122 124 123 122 121 120 119 120 121 122 123 123 122 123 122 122 121 122 126 129 129 129 127 125 121 120 120 122 127 130 133 136 139 141 143 143 145 142 140 137 133 132 129 125 124 121 119 124 127 134 135 133 137 134 134 131 133 125 128 132 132 132
129 128 127 127 132 136 137 136 133 131 132 135 136 137 138 134 135 136 134 132 131 129 125 123 121 120 120 121 121 121 121 121 121 121 121 123 123 124 124 124 124 124 124 124 125 126 128 129 129 127 124 122 121 121 122 126 131 136 139 140 141 141 141 143 142 139 137 135 134 133 132 128 121 119 128 132 132 131 131 132 134 132 128 128 129 131 133 133 133
127 125 125 128 131 135 133 133 134 132 135 136 136 138 140 140 139 138 136 133 131 128 123 121 118 119 119 120 121 121 122 121 122 122 123 124 125 126 126 125 125 125 126 126 126 127 127 127 128 127 125 123 121 122 123 126 130 136 138 140 140 139 138 139 139 138 136 135 134 134 133 128 123 127 130 131 125 129 130 130 129 128 125 127 128 129 131 131 133
125 124 124 127 133 134 131 134 133 132 134 140 141 141 142 141 142 140 136 133 130 126 121 118 117 117 119 120 120 121 121 121 122 123 123 124 125 126 127 127 126 126 126 126 126 128 129 129 128 128 127 124 124 125 126 129 132 136 136 137 138 136 135 133 132 133 133 133 131 129 132 126 126 129 129 132 133 132 131 129 128 128 128 128 127 128 131 132 133
128 126 126 129 135 133 132 132 132 134 136 140 143 147 144 141 138 136 132 130 127 123 119 117 114 115 118 120 121 121 121 121 122 122 123 124 126 126 127 126 125 125 126 126 126 126 127 129 129 128 127 127 128 128 129 130 133 136 135 135 133 133 132 126 127 128 129 130 130 130 128 124 127 131 133 134 134 132 130 127 128 129 130 130 131 131 132 133 134
132 132 133 135 136 139 139 137 135 137 140 142 144 147 146 139 135 131 127 125 123 121 119 117 115 116 120 122 122 122 121 121 122 122 122 123 126 126 127 126 125 125 125 126 126 126 128 129 130 130 129 129 131 131 132 133 135 135 132 131 130 126 123 125 120 126 129 129 127 129 133 130 134 136 136 134 130 130 129 129 129 131 132 133 134 134 133 134 134
139 141 139 137 137 139 142 140 138 140 142 144 145 144 144 139 133 128 125 122 121 119 118 117 117 118 121 122 123 122 122 122 123 123 124 126 128 128 128 126 124 123 123 125 126 127 130 132 131 129 128 130 132 132 134 135 135 134 133 130 130 129 128 127 129 128 129 130 133 133 128 125 128 132 134 131 129 126 128 130 132 132 133 135 135 135 135 135 135
