Example_data/Species_1/M_variables/Set_1/bio_13.asc
ncols         249
nrows         150
xllcorner     -108.16666292027
yllcorner     24.666671082377
cellsize      0.16666667535901
NODATA_value  -9999
[rows 40 to 79 of 150, columns 0 to 90 of 249]
-9999 -9999 -9999 -9999 -9999 -9999 -9999 -9999 -9999 -9999 -9999 -9999 -9999 -9999 -9999 -9999 -9999 -9999 -9999 -9999 65 67 68 70 71 70 71 72 73 72 74 75 79 82 84 85 84 85 86 86 86 85 84 82 82 81 83 85 87 88 88 90 92 94 96 97 97 97 96 95 91 87 84 85 91 96 99 102 103 104 105 106 107 108 109 111 111 111 111 111 111 112 114 116 116 117 118 120 122 121 120
-9999 -9999 -9999 -9999 -9999 -9999 -9999 -9999 -9999 -9999 -9999 -9999 -9999 -9999 -9999 -9999 -9999 -9999 -9999 62 64 67 69 72 75 77 76 77 73 72 74 78 81 83 84 83 83 83 84 85 85 84 83 83 83 84 85 87 87 87 88 90 92 94 96 97 97 97 96 94 90 83 74 74 86 96 100 102 103 104 105 106 107 109 111 112 114 115 114 113 113 114 116 118 119 119 120 122 123 124 121
-9999 -9999 -9999 -9999 -9999 -9999 -9999 -9999 -9999 -9999 -9999 -9999 -9999 -9999 -9999 -9999 -9999 -9999 -9999 61 64 68 68 71 74 77 78 78 78 80 81 81 81 81 82 81 82 82 83 84 84 84 84 85 86 87 87 88 89 89 89 91 93 94 96 97 97 98 97 95 90 82 70 67 83 97 103 104 104 104 105 106 108 110 111 114 116 118 117 116 116 117 119 121 122 121 122 124 125 125 123
-9999 -9999 -9999 -9999 -9999 -9999 -9999 -9999 -9999 -9999 -9999 -9999 -9999 -9999 -9999 -9999 -9999 -9999 62 62 64 64 65 69 73 74 76 77 78 80 81 81 80 80 80 79 79 80 81 83 84 85 86 87 88 88 89 91 92 92 91 93 94 95 96 97 98 99 99 97 94 89 82 81 89 99 106 107 107 105 104 106 108 110 112 115 116 118 118 117 118 119 121 123 124 123 124 126 126 125 123
-9999 -9999 -9999 -9999 -9999 -9999 -9999 -9999 -9999 -9999 -9999 -9999 -9999 -9999 -9999 -9999 -9999 65 63 63 62 62 65 68 71 74 77 77 78 80 81 81 80 79 78 77 77 78 80 82 84 86 87 88 88 89 90 92 94 94 93 94 95 96 96 97 98 99 100 100 99 96 95 96 99 104 108 109 109 107 106 107 109 110 112 114 116 117 118 118 119 120 121 123 125 126 127 127 127 125 123
-9999 -9999 -9999 -9999 -9999 -9999 -9999 -9999 -9999 -9999 -9999 -9999 -9999 -9999 -9999 -9999 -9999 63 62 64 66 66 66 68 70 72 74 76 77 78 79 80 80 79 77 76 76 77 79 80 82 85 87 89 90 90 92 93 94 94 94 95 95 96 96 97 98 99 101 102 102 103 104 105 106 109 110 110 110 109 109 109 110 111 112 113 114 115 117 118 120 120 120 122 125 128 128 127 126 125 122
-9999 -9999 -9999 -9999 -9999 -9999 -9999 -9999 -9999 -9999 -9999 -9999 -9999 -9999 -9999 -9999 61 63 65 67 69 68 68 70 71 71 70 72 75 78 80 80 80 80 79 77 75 75 75 76 78 82 86 89 90 91 92 93 94 93 95 96 96 96 96 96 96 98 101 102 104 107 109 110 112 113 113 112 111 111 111 111 111 112 113 113 113 114 116 117 118 119 120 121 124 127 127 126 125 123 121
-9999 -9999 -9999 -9999 -9999 -9999 -9999 -9999 -9999 -9999 -9999 -9999 -9999 -9999 -9999 -9999 58 62 66 69 71 72 71 71 72 72 72 72 73 75 78 81 82 82 81 78 75 72 69 70 75 80 86 90 92 92 92 93 93 95 96 97 97 97 96 96 96 98 101 103 105 108 110 112 114 115 115 115 113 113 112 111 110 112 113 113 113 113 114 115 117 118 119 120 122 124 124 124 122 120 119
-9999 -9999 -9999 -9999 -9999 -9999 -9999 -9999 -9999 -9999 -9999 -9999 -9999 -9999 -9999 51 57 61 64 68 70 71 72 72 73 72 72 74 75 76 77 79 81 83 82 80 76 71 65 66 73 79 85 90 92 92 92 93 95 97 98 98 98 96 97 97 98 99 101 103 105 108 110 112 113 115 116 116 115 114 113 111 109 110 113 113 114 113 112 112 115 117 118 119 120 121 121 120 119 118 116
-9999 -9999 -9999 -9999 -9999 -9999 -9999 -9999 -9999 -9999 -9999 -9999 -9999 -9999 -9999 49 57 60 64 66 68 69 70 72 73 74 74 76 76 78 80 83 84 83 83 81 78 73 69 70 75 80 85 89 91 92 92 94 96 98 99 99 100 99 100 101 100 100 101 102 104 106 108 110 111 113 114 114 114 114 112 110 108 108 111 113 114 113 111 111 114 116 117 118 119 119 118 118 117 115 113
-9999 -9999 -9999 -9999 -9999 -9999 -9999 -9999 -9999 -9999 -9999 -9999 -9999 -9999 -9999 50 58 60 63 65 66 67 67 68 69 71 73 75 76 77 80 82 84 85 87 85 81 78 77 77 79 82 85 88 90 91 92 95 97 98 99 101 102 103 104 104 103 101 102 102 103 105 106 108 109 111 113 112 113 114 111 109 108 108 111 114 116 115 113 113 114 114 115 116 117 117 117 116 116 113 112
-9999 -9999 -9999 -9999 -9999 -9999 -9999 -9999 -9999 -9999 -9999 -9999 -9999 -9999 50 53 57 60 63 64 65 65 64 64 67 69 72 74 76 77 80 82 84 86 87 86 85 83 82 82 82 83 86 88 89 90 93 96 98 99 100 101 103 104 105 105 104 102 102 102 104 105 106 106 106 106 108 108 110 112 111 110 109 109 112 114 117 118 116 115 114 114 114 114 114 115 115 115 115 114 112
-9999 -9999 -9999 -9999 -9999 -9999 -9999 -9999 -9999 -9999 -9999 -9999 -9999 -9999 59 58 57 61 63 64 64 63 62 63 65 67 70 72 74 78 79 81 83 85 87 87 86 85 84 84 84 84 86 88 89 92 94 96 97 98 99 101 102 104 104 105 103 104 103 103 105 105 105 105 104 105 107 106 107 108 110 112 111 110 111 113 116 118 117 116 115 114 113 113 112 112 113 113 114 113 113
-9999 -9999 -9999 -9999 -9999 -9999 -9999 -9999 -9999 -9999 -9999 -9999 -9999 -9999 63 58 58 62 64 64 63 62 62 62 64 65 68 71 74 77 79 82 84 86 86 86 85 84 83 83 84 85 86 89 91 93 96 98 99 98 98 99 101 102 102 102 105 107 107 106 106 105 105 104 105 107 110 110 108 107 108 111 111 109 110 111 113 115 116 115 114 113 113 112 111 110 111 111 113 114 114
-9999 -9999 -9999 -9999 -9999 -9999 -9999 -9999 -9999 -9999 -9999 -9999 -9999 65 67 64 60 63 65 63 62 62 61 62 63 65 68 71 73 77 80 83 84 84 84 84 83 82 81 83 85 88 90 91 93 94 96 98 98 98 97 98 99 101 102 104 106 109 110 108 107 106 106 106 107 109 114 113 108 106 107 108 109 111 111 111 112 112 112 113 113 112 111 110 111 112 111 111 113 114 115
-9999 -9999 -9999 -9999 -9999 -9999 -9999 -9999 -9999 -9999 -9999 -9999 -9999 69 76 63 58 64 65 63 62 62 62 62 63 65 67 70 72 76 80 81 81 82 82 83 82 81 81 83 86 89 92 92 93 93 95 96 96 96 96 97 100 101 103 105 107 108 109 108 107 106 107 107 107 109 111 111 109 107 107 108 109 110 111 110 110 111 110 111 112 112 112 113 114 113 112 113 115 116 115
-9999 -9999 -9999 -9999 -9999 -9999 -9999 -9999 -9999 -9999 -9999 -9999 -9999 55 70 67 59 66 65 63 63 63 63 63 63 64 66 69 72 76 78 78 78 80 81 81 81 81 82 83 87 90 91 92 91 89 91 94 97 96 95 95 97 99 102 104 106 108 108 107 106 106 106 107 107 108 109 110 110 110 111 111 111 112 112 111 111 111 112 113 113 114 114 115 116 115 114 116 117 120 120
-9999 -9999 -9999 -9999 -9999 -9999 -9999 -9999 -9999 -9999 -9999 -9999 -9999 48 66 75 59 66 65 65 65 65 65 65 65 65 66 68 72 75 77 77 77 78 79 80 81 81 82 84 87 89 91 91 90 89 92 96 98 97 95 95 96 98 100 102 104 105 106 106 105 105 106 107 109 109 110 111 112 114 116 117 117 117 116 115 114 114 115 115 116 117 118 117 116 116 115 117 118 120 121
-9999 -9999 -9999 -9999 -9999 -9999 -9999 -9999 -9999 -9999 -9999 -9999 51 62 69 67 60 66 67 66 66 67 66 67 66 67 67 68 71 74 75 76 77 78 80 81 81 82 83 86 91 93 93 92 91 91 93 96 98 97 96 95 97 99 100 101 102 104 104 104 104 104 106 110 112 113 113 114 115 118 121 123 123 123 122 121 120 120 119 118 118 119 120 118 117 115 116 115 117 118 119
-9999 -9999 -9999 -9999 -9999 -9999 -9999 -9999 -9999 -9999 -9999 -9999 55 78 75 63 63 64 66 67 68 68 67 67 67 67 67 68 70 72 73 74 75 77 79 82 82 82 83 88 92 94 94 93 92 92 93 95 96 96 94 95 97 98 99 98 98 100 101 103 103 104 108 112 114 116 118 119 121 124 127 129 130 130 129 128 127 126 125 122 121 120 119 118 117 116 115 115 115 117 118
-9999 -9999 -9999 -9999 -9999 -9999 -9999 -9999 -9999 -9999 -9999 -9999 57 66 76 73 67 64 67 68 68 67 67 66 66 66 66 68 69 70 71 73 74 76 78 80 81 82 83 86 90 93 93 92 91 92 93 94 94 93 92 93 95 97 98 97 96 98 99 100 102 105 109 112 115 117 120 124 127 130 133 135 136 136 136 134 133 131 129 127 123 123 122 120 119 118 116 116 116 117 119
-9999 -9999 -9999 -9999 -9999 -9999 -9999 -9999 -9999 -9999 -9999 -9999 69 67 66 70 67 66 63 65 65 66 65 65 65 64 66 68 68 69 69 71 72 74 75 77 80 81 82 85 88 90 91 91 90 91 92 92 92 91 90 90 92 93 94 96 97 98 99 100 101 104 108 113 116 118 121 127 131 135 137 138 139 139 139 138 137 136 134 132 126 123 122 121 120 119 118 118 118 119 120
-9999 -9999 -9999 -9999 -9999 -9999 -9999 -9999 -9999 -9999 -9999 -9999 67 61 63 71 75 68 75 68 70 70 69 67 67 67 67 67 69 70 70 69 71 72 74 75 78 80 81 84 86 88 89 88 88 90 91 92 91 89 87 86 88 90 92 94 96 98 99 100 101 105 109 111 116 119 124 130 134 136 136 137 138 138 137 139 140 140 137 133 128 125 123 122 121 119 118 118 119 120 121
-9999 -9999 -9999 -9999 -9999 -9999 -9999 -9999 -9999 -9999 -9999 -9999 64 59 63 69 71 76 81 79 76 76 73 71 70 69 68 67 67 69 70 70 70 71 72 74 76 79 81 83 84 86 86 86 87 88 90 91 89 86 83 87 88 87 89 92 95 97 99 101 103 106 110 110 115 122 128 133 137 137 136 135 134 132 133 137 142 142 138 135 132 129 128 126 124 123 121 119 120 120 122
-9999 -9999 -9999 -9999 -9999 -9999 -9999 -9999 -9999 -9999 -9999 -9999 60 60 64 69 73 79 90 81 74 75 72 73 70 68 67 67 67 67 68 67 67 69 71 72 74 77 80 81 82 83 83 84 85 86 87 87 84 83 84 88 90 89 88 92 95 97 99 102 104 106 109 111 116 124 132 136 137 136 134 132 131 129 129 137 143 144 142 140 138 135 132 130 129 128 126 124 122 122 123
-9999 -9999 -9999 -9999 -9999 -9999 -9999 -9999 -9999 -9999 -9999 -9999 52 63 69 71 74 78 93 87 71 71 69 70 68 66 66 67 66 66 66 66 66 67 69 70 72 74 77 78 79 80 80 80 81 83 84 82 82 82 84 86 88 90 91 92 94 96 99 102 102 105 109 113 117 124 132 137 136 133 132 132 133 133 134 138 142 144 145 145 143 140 136 133 131 130 130 129 126 123 124
-9999 -9999 -9999 -9999 -9999 -9999 -9999 -9999 -9999 -9999 -9999 -9999 49 59 68 70 67 68 77 75 67 65 63 64 64 63 63 65 64 66 66 66 65 65 66 68 69 70 72 74 76 77 78 78 79 80 83 84 84 84 86 89 91 94 95 97 98 99 101 103 104 107 111 114 117 122 130 135 135 133 133 136 139 140 140 140 142 143 146 148 147 143 138 135 133 132 131 129 126 125 126
-9999 -9999 -9999 -9999 -9999 -9999 -9999 -9999 -9999 -9999 -9999 -9999 61 62 55 58 61 59 57 60 61 59 57 58 58 58 59 62 62 63 65 64 63 63 64 66 67 69 70 71 73 75 76 76 79 81 82 83 84 84 87 90 92 95 97 99 100 101 102 104 107 109 113 116 119 123 129 133 134 135 137 141 146 148 146 143 143 144 146 147 146 144 140 137 133 131 129 127 126 128 130
-9999 -9999 -9999 -9999 -9999 -9999 -9999 -9999 -9999 -9999 -9999 -9999 62 55 74 61 65 75 64 57 55 53 53 52 54 55 56 58 60 61 62 63 61 61 62 64 67 69 69 70 71 73 75 76 78 81 82 83 83 84 86 88 91 94 97 99 100 101 102 105 107 110 113 117 120 124 128 132 134 136 139 143 147 148 146 145 144 144 145 145 144 143 141 138 133 129 127 126 127 128 129
-9999 -9999 -9999 -9999 -9999 -9999 -9999 -9999 -9999 -9999 -9999 -9999 46 46 67 80 66 81 81 65 57 56 53 52 51 52 54 56 57 58 59 59 59 60 61 63 67 68 69 70 71 73 74 76 78 81 83 83 83 84 86 89 91 94 96 98 98 100 102 105 108 110 113 116 119 123 128 132 134 136 138 141 143 144 145 145 144 143 143 143 142 142 140 137 132 129 126 126 126 128 128
-9999 -9999 -9999 -9999 -9999 -9999 -9999 -9999 -9999 -9999 -9999 48 41 42 47 79 72 72 85 71 60 59 57 53 51 52 53 55 57 58 59 60 61 61 62 63 66 67 68 69 71 73 74 76 79 82 84 85 84 85 87 90 92 94 96 97 98 100 103 105 108 110 113 115 118 122 127 131 134 135 136 137 138 139 141 141 140 141 142 141 141 141 139 137 133 130 126 126 126 126 127
-9999 -9999 -9999 -9999 -9999 -9999 -9999 -9999 -9999 -9999 -9999 42 39 40 43 52 72 63 64 63 59 61 62 55 52 52 55 56 58 60 61 62 63 63 63 64 65 66 67 68 70 73 75 77 80 82 85 85 85 86 89 92 95 96 96 97 98 100 103 105 107 109 111 113 115 119 125 130 132 133 132 132 132 133 136 136 136 138 140 140 141 140 138 136 133 130 126 126 126 126 126
-9999 -9999 -9999 -9999 -9999 -9999 -9999 -9999 -9999 -9999 65 45 38 37 40 57 85 73 67 63 62 63 61 57 56 55 57 58 61 63 64 65 65 65 64 65 65 65 66 67 70 73 76 78 80 82 84 84 85 88 91 95 97 98 97 97 98 101 104 106 107 108 109 111 113 116 122 126 127 128 127 128 129 130 131 132 132 134 136 139 140 139 137 135 132 129 126 125 125 125 125
-9999 -9999 -9999 -9999 -9999 -9999 -9999 -9999 -9999 -9999 87 58 40 37 39 44 54 78 78 78 68 63 60 58 57 56 60 64 67 68 68 68 66 65 65 65 66 67 67 68 71 74 77 79 81 82 83 83 85 88 92 95 97 98 97 97 98 101 105 107 108 108 108 109 112 115 119 121 122 125 129 132 134 134 134 133 133 133 134 135 137 137 136 134 132 129 125 123 122 123 123
-9999 -9999 -9999 -9999 -9999 -9999 -9999 -9999 -9999 101 85 62 45 41 43 46 57 91 92 72 71 68 60 59 59 61 65 70 71 71 71 70 68 67 67 66 66 67 69 71 74 76 78 79 80 82 83 83 84 87 90 92 95 96 96 96 98 100 104 107 109 108 106 107 111 114 116 120 123 126 130 134 136 135 135 135 136 135 135 135 133 132 134 134 132 129 126 122 120 121 122
-9999 -9999 -9999 -9999 -9999 -9999 -9999 -9999 -9999 95 90 72 53 47 47 49 65 98 84 73 71 72 82 69 65 69 72 75 73 71 71 70 69 69 68 67 67 67 69 72 75 77 78 79 80 81 82 83 83 86 90 92 92 93 92 93 96 99 103 105 108 106 103 105 110 114 119 122 124 126 129 134 133 132 133 133 134 134 134 134 132 129 132 132 130 128 125 122 119 120 122
-9999 -9999 -9999 -9999 -9999 -9999 -9999 -9999 -9999 73 93 82 67 55 51 57 84 99 77 78 80 82 81 89 84 80 75 73 71 70 70 70 68 67 67 68 69 69 69 72 74 76 77 78 80 81 82 83 83 86 91 94 94 94 94 95 96 98 101 102 103 104 105 108 112 117 121 123 124 127 130 130 127 127 128 128 130 131 132 131 130 129 128 129 128 127 124 121 119 120 121
-9999 -9999 -9999 -9999 -9999 -9999 -9999 -9999 71 67 89 89 75 61 57 68 97 94 78 76 78 77 74 81 85 85 80 77 74 72 71 71 70 69 68 69 69 69 69 71 73 75 76 78 80 82 83 84 84 87 92 95 95 95 95 97 99 100 102 103 105 108 110 112 115 118 121 122 124 127 129 128 125 124 124 126 127 128 129 130 129 128 127 126 125 124 122 121 120 120 120
-9999 -9999 -9999 -9999 -9999 -9999 -9999 -9999 66 66 81 88 73 63 57 78 108 91 82 76 75 75 77 86 87 84 82 79 76 73 70 70 69 68 68 68 68 68 69 71 72 74 76 79 82 84 86 86 88 89 93 96 98 100 99 100 102 102 103 106 110 114 116 117 118 120 121 122 122 125 126 125 125 123 123 124 125 126 127 129 129 129 129 128 127 126 125 124 123 122 122
-9999 -9999 -9999 -9999 -9999 -9999 -9999 -9999 71 70 74 78 63 60 57 65 94 98 96 76 76 76 77 80 81 81 81 78 75 72 69 68 68 68 67 67 67 68 70 71 72 75 77 80 83 86 88 89 90 93 95 98 101 103 104 104 104 104 105 110 116 123 123 123 123 123 124 124 123 123 123 124 124 125 125 126 125 125 127 130 132 134 135 134 131 130 130 129 128 128 128
