Example_data/Species_1/M_variables/Set_1/bio_11.asc
ncols         249
nrows         150
xllcorner     -108.16666292027
yllcorner     24.666671082377
cellsize      0.16666667535901
NODATA_value  -9999
[rows 88 to 131 of 150, columns 96 to 191 of 249]
52 53 52 51 50 51 50 48 47 47 48 50 52 52 51 50 50 49 48 48 49 51 51 51 50 49 50 49 48 47 47 45 44 45 43 39 37 42 44 38 40 46 45 45 42 25 32 34 33 31 28 27 32 37 44 55 56 57 57 59 59 58 57 57 57 57 58 59 58 57 58 60 60 62 61 61 62 62 62 63 64 64 66 67 69 70 71 72 74 75 76 77 77 77 78 79
56 56 56 55 52 51 50 48 47 48 49 51 52 52 51 51 51 52 51 50 51 53 53 52 51 52 53 53 52 51 49 48 48 47 47 44 46 48 39 39 39 44 44 47 44 35 34 30 27 28 32 39 44 51 55 59 60 60 60 60 60 60 59 59 60 59 59 60 60 59 60 62 64 65 65 65 64 64 63 64 65 67 68 70 72 74 75 75 77 78 79 79 79 79 80 -9999
59 59 60 59 54 51 51 49 49 49 51 53 53 53 53 54 55 55 55 54 54 56 56 54 51 49 49 52 52 51 51 51 52 51 51 49 50 43 41 39 41 46 45 49 49 43 38 34 40 44 46 48 52 59 59 61 62 61 61 61 60 61 61 63 62 61 62 63 62 62 64 64 66 68 69 69 67 66 66 66 66 68 70 72 75 77 78 79 80 80 81 -9999 -9999 82 82 -9999
63 63 62 60 55 53 53 53 53 54 55 56 56 56 57 57 56 58 59 58 60 59 58 55 52 48 47 48 51 51 52 52 50 49 51 53 48 45 45 45 50 50 51 50 51 46 45 46 49 52 52 54 59 61 60 62 62 62 62 63 62 62 63 65 65 65 65 66 66 65 66 67 69 71 72 72 70 69 68 68 69 70 72 75 78 80 81 81 82 -9999 -9999 -9999 -9999 -9999 -9999 -9999
65 66 65 62 60 57 56 56 57 59 60 60 60 59 59 60 60 60 61 61 63 62 60 56 52 48 48 48 50 51 50 50 51 51 53 51 49 50 50 54 54 55 54 53 52 50 51 52 53 55 58 60 61 62 62 62 64 64 64 64 64 65 66 67 67 68 69 69 70 70 70 71 72 73 75 75 74 72 71 71 72 73 75 77 80 82 83 -9999 -9999 -9999 -9999 -9999 -9999 -9999 -9999 -9999
65 67 66 65 64 62 59 59 60 62 62 62 61 61 61 62 62 63 64 63 64 64 62 57 53 50 50 50 52 53 53 55 56 55 54 52 54 55 57 56 55 56 56 55 55 54 54 54 56 58 61 63 64 64 65 65 66 67 66 66 65 66 68 70 71 72 74 73 74 75 74 75 75 76 77 77 77 76 75 76 76 77 77 79 81 83 84 -9999 -9999 -9999 -9999 -9999 -9999 -9999 -9999 -9999
64 65 65 67 67 64 61 60 62 64 64 65 64 62 63 63 65 66 66 66 66 66 62 59 55 53 53 53 55 56 58 59 59 58 54 57 59 58 56 55 54 56 55 55 56 57 58 58 60 61 63 65 67 67 67 68 68 69 69 67 68 68 69 70 72 75 79 80 78 79 79 78 77 78 78 79 80 80 80 80 79 79 80 81 83 84 -9999 -9999 -9999 -9999 -9999 -9999 -9999 -9999 -9999 -9999
63 63 64 66 66 65 63 62 63 65 66 67 66 64 64 64 66 67 67 68 69 67 65 61 58 57 57 57 59 60 62 62 63 58 60 61 62 61 56 53 55 56 56 58 59 62 62 62 64 65 67 68 70 70 69 69 70 70 70 70 70 69 70 73 76 78 80 82 83 82 81 80 79 80 80 81 82 83 84 83 81 81 -9999 -9999 -9999 -9999 -9999 -9999 -9999 -9999 -9999 -9999 -9999 -9999 -9999 -9999
62 63 63 65 65 66 66 65 66 68 69 70 70 66 64 64 66 68 69 70 70 69 68 64 62 61 62 61 61 63 64 65 65 64 64 66 65 62 59 57 56 58 60 61 64 64 66 67 68 69 70 72 73 73 71 72 72 72 71 72 73 73 74 76 79 81 83 85 85 85 84 81 81 82 83 84 85 86 86 85 -9999 -9999 -9999 -9999 -9999 -9999 -9999 -9999 -9999 -9999 -9999 -9999 -9999 -9999 -9999 -9999
63 63 64 66 67 68 70 68 69 70 72 73 71 68 66 66 68 69 70 71 70 71 70 67 65 65 66 67 65 66 67 67 67 67 70 68 65 60 57 59 60 60 64 66 66 68 68 68 70 72 74 76 76 75 74 74 75 75 74 73 75 78 77 80 82 84 86 88 88 88 87 85 84 84 86 88 88 89 89 -9999 -9999 -9999 -9999 -9999 -9999 -9999 -9999 -9999 -9999 -9999 -9999 -9999 -9999 -9999 -9999 -9999
65 65 66 69 70 70 71 71 71 72 73 74 72 70 69 69 69 69 70 72 73 72 71 69 68 69 70 72 70 68 69 70 70 71 71 69 63 60 61 63 62 64 69 70 70 71 71 70 72 75 77 78 79 79 77 77 77 77 77 78 78 80 82 83 85 87 89 90 90 90 90 88 88 88 89 90 91 91 91 -9999 -9999 -9999 -9999 -9999 -9999 -9999 -9999 -9999 -9999 -9999 -9999 -9999 -9999 -9999 -9999 -9999
68 68 69 71 71 71 71 72 72 74 75 75 73 71 72 71 71 71 71 71 73 74 73 72 71 72 74 75 75 74 74 73 72 72 72 68 66 66 65 67 68 70 72 73 73 74 73 73 74 77 81 81 81 82 80 80 79 81 82 81 81 82 84 87 88 90 91 91 91 91 91 91 91 92 93 93 94 93 -9999 -9999 -9999 -9999 -9999 -9999 -9999 -9999 -9999 -9999 -9999 -9999 -9999 -9999 -9999 -9999 -9999 -9999
73 73 73 73 73 72 72 72 74 77 79 76 73 72 73 73 73 73 73 73 73 75 75 75 74 74 77 77 77 78 77 75 72 73 74 72 70 70 70 71 72 74 75 75 74 76 77 78 78 81 83 84 84 85 85 82 81 84 86 85 86 86 88 91 92 93 93 92 92 92 93 94 96 97 97 97 -9999 -9999 -9999 -9999 -9999 -9999 -9999 -9999 -9999 -9999 -9999 -9999 -9999 -9999 -9999 -9999 -9999 -9999 -9999 -9999
79 79 77 75 75 75 75 75 77 80 79 79 76 75 75 74 75 75 74 74 75 77 77 76 77 77 78 79 79 81 80 79 77 76 77 77 74 74 73 73 74 77 79 79 79 80 82 83 83 84 87 88 87 88 87 85 85 87 88 90 90 91 92 94 95 95 95 94 93 94 95 96 98 100 100 -9999 -9999 -9999 -9999 -9999 -9999 -9999 -9999 -9999 -9999 -9999 -9999 -9999 -9999 -9999 -9999 -9999 -9999 -9999 -9999 -9999
84 82 80 78 77 78 79 81 81 81 81 81 81 79 78 77 77 76 75 76 78 79 79 79 78 79 80 81 81 83 84 84 83 82 82 83 80 79 78 77 77 79 83 84 84 84 83 84 87 87 88 91 89 88 87 87 88 90 92 93 94 95 96 97 98 98 97 96 96 96 96 97 99 101 -9999 -9999 -9999 -9999 -9999 -9999 -9999 -9999 -9999 -9999 -9999 -9999 -9999 -9999 -9999 -9999 -9999 -9999 -9999 -9999 -9999 -9999
87 86 84 82 81 80 84 87 85 83 82 83 83 82 81 80 78 78 78 79 81 81 81 80 81 81 82 82 83 84 89 91 88 87 88 87 85 84 83 82 82 84 87 89 88 86 86 87 89 89 90 92 91 90 90 90 91 92 95 97 99 99 99 100 101 101 100 100 99 99 99 97 -9999 -9999 -9999 -9999 -9999 -9999 -9999 -9999 -9999 -9999 -9999 -9999 -9999 -9999 -9999 -9999 -9999 -9999 -9999 -9999 -9999 -9999 -9999 -9999
88 88 87 87 86 85 87 88 86 83 83 84 84 83 83 82 81 80 80 81 81 81 82 84 84 84 84 84 85 86 90 90 90 88 89 90 88 87 85 85 85 87 88 90 89 88 88 88 91 91 92 93 94 93 92 92 94 96 97 100 101 102 103 103 103 103 103 102 102 101 100 -9999 -9999 -9999 -9999 -9999 -9999 -9999 -9999 -9999 -9999 -9999 -9999 -9999 -9999 -9999 -9999 -9999 -9999 -9999 -9999 -9999 -9999 -9999 -9999 -9999
89 90 90 90 90 90 89 88 87 86 86 87 84 83 83 83 83 83 82 83 84 83 83 85 86 86 86 86 86 88 88 90 89 89 89 89 89 87 86 86 88 90 91 91 91 91 89 90 92 94 94 94 96 95 94 94 95 98 99 101 103 104 105 106 106 105 105 105 104 -9999 -9999 -9999 -9999 -9999 -9999 -9999 -9999 -9999 -9999 -9999 -9999 -9999 -9999 -9999 -9999 -9999 -9999 -9999 -9999 -9999 -9999 -9999 -9999 -9999 -9999 -9999
89 91 92 93 94 94 90 89 89 89 90 89 86 84 84 86 86 86 86 85 86 86 87 88 88 88 87 89 88 87 89 89 89 89 89 90 90 90 90 89 90 92 93 94 95 94 94 94 95 97 96 95 96 97 96 96 97 98 101 103 105 106 107 108 108 107 107 106 -9999 -9999 -9999 -9999 -9999 -9999 -9999 -9999 -9999 -9999 -9999 -9999 -9999 -9999 -9999 -9999 -9999 -9999 -9999 -9999 -9999 -9999 -9999 -9999 -9999 -9999 -9999 -9999
89 92 94 95 96 94 92 90 90 90 91 91 89 87 88 89 90 90 90 88 88 88 88 90 91 90 89 89 89 89 88 89 90 90 90 90 92 92 93 93 93 95 97 98 98 98 98 98 99 99 97 97 97 97 98 98 98 100 102 105 106 108 109 109 109 108 107 -9999 -9999 -9999 -9999 -9999 -9999 -9999 -9999 -9999 -9999 -9999 -9999 -9999 -9999 -9999 -9999 -9999 -9999 -9999 -9999 -9999 -9999 -9999 -9999 -9999 -9999 -9999 -9999 -9999
91 94 95 97 97 94 92 90 90 91 92 93 93 92 92 93 93 93 92 90 90 91 90 92 93 92 91 92 91 90 89 90 91 90 90 91 93 95 97 98 97 97 100 101 102 102 103 103 103 101 100 100 100 100 99 99 100 103 105 107 108 109 110 110 109 109 109 -9999 -9999 -9999 -9999 -9999 -9999 -9999 -9999 -9999 -9999 -9999 -9999 -9999 -9999 -9999 -9999 -9999 -9999 -9999 -9999 -9999 -9999 -9999 -9999 -9999 -9999 -9999 -9999 -9999
94 96 97 98 98 96 94 92 91 93 94 95 96 97 96 96 96 96 94 92 91 92 92 94 96 96 96 95 92 92 92 92 92 91 91 92 95 97 99 100 100 100 103 104 105 106 106 106 105 104 104 104 104 103 103 103 104 106 108 109 110 111 111 112 111 110 -9999 -9999 -9999 -9999 -9999 -9999 -9999 -9999 -9999 -9999 -9999 -9999 -9999 -9999 -9999 -9999 -9999 -9999 -9999 -9999 -9999 -9999 -9999 -9999 -9999 -9999 -9999 -9999 -9999 -9999
97 98 99 100 100 97 94 91 92 95 98 99 99 100 100 99 98 98 96 94 93 95 95 97 99 101 100 97 96 96 96 95 95 94 94 95 98 99 101 102 102 103 105 106 108 108 108 109 107 107 107 107 107 107 107 106 106 109 111 112 113 113 114 115 114 113 -9999 -9999 -9999 -9999 -9999 -9999 -9999 -9999 -9999 -9999 -9999 -9999 -9999 -9999 -9999 -9999 -9999 -9999 -9999 -9999 -9999 -9999 -9999 -9999 -9999 -9999 -9999 -9999 -9999 -9999
101 101 101 101 100 99 97 94 95 98 100 101 101 101 103 101 101 100 98 97 97 98 98 100 103 105 103 101 100 101 100 99 98 97 98 99 102 103 103 104 105 106 107 108 110 110 111 110 109 110 110 111 111 111 110 109 109 111 113 113 115 116 117 118 118 -9999 -9999 -9999 -9999 -9999 -9999 -9999 -9999 -9999 -9999 -9999 -9999 -9999 -9999 -9999 -9999 -9999 -9999 -9999 -9999 -9999 -9999 -9999 -9999 -9999 -9999 -9999 -9999 -9999 -9999 -9999
104 104 103 102 101 102 101 100 101 102 102 102 102 102 104 104 104 103 102 101 101 100 102 104 106 109 107 106 105 105 104 103 102 102 102 103 104 106 106 106 106 108 109 110 111 111 111 110 111 112 112 113 113 114 113 112 111 113 115 116 118 119 120 120 121 -9999 -9999 -9999 -9999 -9999 -9999 -9999 -9999 -9999 -9999 -9999 -9999 -9999 -9999 -9999 -9999 -9999 -9999 -9999 -9999 -9999 -9999 -9999 -9999 -9999 -9999 -9999 -9999 -9999 -9999 -9999
106 106 105 105 103 104 105 106 105 106 105 104 103 103 105 106 106 106 107 106 106 106 106 107 110 110 110 110 109 109 108 107 106 106 106 107 108 109 108 108 108 109 110 111 111 110 111 112 112 113 113 114 115 115 115 114 114 115 117 119 120 121 122 123 123 -9999 -9999 -9999 -9999 -9999 -9999 -9999 -9999 -9999 -9999 -9999 -9999 -9999 -9999 -9999 -9999 -9999 -9999 -9999 -9999 -9999 -9999 -9999 -9999 -9999 -9999 -9999 -9999 -9999 -9999 -9999
107 108 107 106 106 107 109 109 109 109 109 108 106 106 106 107 109 110 111 111 110 110 110 110 112 112 112 113 113 114 113 111 110 109 109 110 111 111 111 110 109 111 112 112 111 112 113 114 113 113 115 116 116 117 116 116 117 118 118 120 122 123 124 126 126 -9999 -9999 -9999 -9999 -9999 -9999 -9999 -9999 -9999 -9999 -9999 -9999 -9999 -9999 -9999 -9999 -9999 -9999 -9999 -9999 -9999 -9999 -9999 -9999 -9999 -9999 -9999 -9999 -9999 -9999 -9999
110 111 110 108 108 109 110 111 111 112 112 111 110 110 109 110 111 113 114 115 114 112 112 111 113 114 115 116 117 117 117 114 112 112 113 114 114 114 113 113 113 114 115 114 115 115 116 116 115 115 116 118 118 119 119 119 120 120 120 120 123 125 127 129 130 -9999 -9999 -9999 -9999 -9999 -9999 -9999 -9999 -9999 -9999 -9999 -9999 -9999 -9999 -9999 -9999 -9999 -9999 -9999 -9999 -9999 -9999 -9999 -9999 -9999 -9999 -9999 -9999 -9999 -9999 -9999
112 113 112 111 111 110 112 114 114 114 115 114 113 113 113 113 113 114 117 117 116 115 115 114 115 117 117 117 118 119 118 -9999 -9999 -9999 -9999 -9999 116 116 116 117 117 117 117 117 118 118 118 119 118 119 120 120 120 121 122 122 123 123 122 122 123 127 131 132 133 -9999 -9999 -9999 -9999 -9999 -9999 -9999 -9999 -9999 -9999 -9999 -9999 -9999 -9999 -9999 -9999 -9999 -9999 -9999 -9999 -9999 -9999 -9999 -9999 -9999 -9999 -9999 -9999 -9999 -9999 -9999
112 114 113 113 114 114 117 117 117 117 118 120 122 119 117 116 118 117 -9999 -9999 -9999 -9999 -9999 -9999 -9999 -9999 -9999 -9999 -9999 -9999 -9999 -9999 -9999 -9999 -9999 -9999 -9999 -9999 119 120 120 120 120 120 120 120 121 121 120 122 122 123 122 122 122 124 125 125 125 124 125 129 132 134 135 136 -9999 -9999 -9999 -9999 -9999 -9999 -9999 -9999 -9999 -9999 -9999 -9999 -9999 -9999 -9999 -9999 -9999 -9999 -9999 -9999 -9999 -9999 -9999 -9999 -9999 -9999 -9999 -9999 -9999 -9999
112 114 114 116 117 118 120 121 121 121 121 123 123 122 122 120 120 120 -9999 -9999 -9999 -9999 -9999 -9999 -9999 -9999 -9999 -9999 -9999 -9999 -9999 -9999 -9999 -9999 -9999 -9999 -9999 -9999 -9999 122 122 123 123 123 123 122 123 -9999 -9999 -9999 124 124 123 123 124 126 128 128 128 127 127 129 132 135 137 138 -9999 -9999 -9999 -9999 -9999 -9999 -9999 -9999 -9999 -9999 -9999 -9999 -9999 -9999 -9999 -9999 -9999 -9999 -9999 -9999 -9999 -9999 -9999 -9999 -9999 -9999 -9999 -9999 -9999 -9999
113 115 116 119 120 120 122 123 124 125 125 125 124 123 123 122 121 121 -9999 -9999 -9999 -9999 -9999 -9999 -9999 -9999 -9999 -9999 -9999 -9999 -9999 -9999 -9999 -9999 -9999 -9999 -9999 -9999 -9999 -9999 126 125 125 124 125 124 -9999 -9999 -9999 -9999 -9999 125 125 124 125 127 129 130 130 130 130 132 135 137 138 140 -9999 -9999 -9999 -9999 -9999 -9999 -9999 -9999 -9999 -9999 -9999 -9999 -9999 -9999 -9999 -9999 -9999 -9999 -9999 -9999 -9999 -9999 -9999 -9999 -9999 -9999 -9999 -9999 -9999 -9999
116 118 119 121 122 123 124 125 127 127 127 127 125 124 123 124 123 -9999 -9999 -9999 -9999 -9999 -9999 -9999 -9999 -9999 -9999 -9999 -9999 -9999 -9999 -9999 -9999 -9999 -9999 -9999 -9999 -9999 -9999 -9999 -9999 126 127 127 -9999 -9999 -9999 -9999 -9999 -9999 -9999 -9999 127 126 127 130 131 133 133 134 134 135 137 139 140 142 143 -9999 -9999 -9999 -9999 -9999 -9999 -9999 -9999 -9999 -9999 -9999 -9999 -9999 -9999 -9999 -9999 -9999 -9999 -9999 -9999 -9999 -9999 -9999 -9999 -9999 -9999 -9999 -9999 -9999
-9999 120 120 -9999 124 125 126 128 128 129 128 128 127 126 126 126 127 127 -9999 -9999 -9999 -9999 -9999 -9999 -9999 -9999 -9999 -9999 -9999 -9999 -9999 -9999 -9999 -9999 -9999 -9999 -9999 -9999 -9999 -9999 -9999 -9999 -9999 -9999 -9999 -9999 -9999 -9999 -9999 -9999 -9999 -9999 128 129 131 133 134 135 136 136 138 138 139 141 142 143 145 -9999 -9999 -9999 -9999 -9999 -9999 -9999 -9999 -9999 -9999 -9999 -9999 -9999 -9999 -9999 -9999 -9999 -9999 -9999 -9999 -9999 -9999 -9999 -9999 -9999 -9999 -9999 -9999 -9999
-9999 -9999 -9999 -9999 126 127 128 129 130 130 130 130 130 128 128 128 128 129 129 130 -9999 -9999 -9999 -9999 -9999 -9999 -9999 -9999 -9999 -9999 -9999 -9999 -9999 -9999 -9999 -9999 -9999 -9999 -9999 -9999 -9999 -9999 -9999 -9999 -9999 -9999 -9999 -9999 -9999 -9999 -9999 -9999 -9999 133 135 136 137 138 139 139 140 141 141 143 144 145 147 149 -9999 -9999 -9999 -9999 -9999 -9999 -9999 -9999 -9999 -9999 -9999 -9999 -9999 -9999 -9999 -9999 -9999 -9999 -9999 -9999 -9999 -9999 -9999 -9999 -9999 -9999 -9999 -9999
-9999 -9999 -9999 -9999 -9999 -9999 -9999 131 131 131 132 131 131 -9999 -9999 -9999 131 131 131 -9999 -9999 -9999 -9999 -9999 -9999 -9999 -9999 -9999 -9999 -9999 -9999 -9999 -9999 -9999 -9999 -9999 -9999 -9999 -9999 -9999 -9999 -9999 -9999 -9999 -9999 -9999 -9999 -9999 -9999 -9999 -9999 -9999 -9999 -9999 137 138 140 141 141 142 142 143 143 145 146 147 149 151 -9999 -9999 -9999 -9999 -9999 -9999 -9999 -9999 -9999 -9999 -9999 -9999 -9999 -9999 -9999 -9999 -9999 -9999 -9999 -9999 -9999 -9999 -9999 -9999 -9999 -9999 -9999 -9999
-9999 -9999 -9999 -9999 -9999 -9999 -9999 -9999 -9999 -9999 -9999 -9999 -9999 -9999 -9999 -9999 133 -9999 -9999 -9999 -9999 -9999 -9999 -9999 -9999 -9999 -9999 -9999 -9999 -9999 -9999 -9999 -9999 -9999 -9999 -9999 -9999 -9999 -9999 -9999 -9999 -9999 -9999 -9999 -9999 -9999 -9999 -9999 -9999 -9999 -9999 -9999 -9999 -9999 -9999 -9999 144 144 144 145 145 146 146 147 150 151 152 153 154 -9999 -9999 -9999 -9999 -9999 -9999 -9999 -9999 -9999 -9999 -9999 -9999 -9999 -9999 -9999 -9999 -9999 -9999 -9999 -9999 -9999 -9999 -9999 -9999 -9999 -9999 -9999
-9999 -9999 -9999 -9999 -9999 -9999 -9999 -9999 -9999 -9999 -9999 -9999 -9999 -9999 -9999 -9999 -9999 -9999 -9999 -9999 -9999 -9999 -9999 -9999 -9999 -9999 -9999 -9999 -9999 -9999 -9999 -9999 -9999 -9999 -9999 -9999 -9999 -9999 -9999 -9999 -9999 -9999 -9999 -9999 -9999 -9999 -9999 -9999 -9999 -9999 -9999 -9999 -9999 -9999 -9999 -9999 147 147 147 148 149 149 150 151 153 155 156 155 156 157 -9999 -9999 -9999 -9999 -9999 -9999 -9999 -9999 -9999 -9999 -9999 -9999 -9999 -9999 -9999 -9999 -9999 -9999 -9999 -9999 -9999 -9999 -9999 -9999 -9999 -9999
-9999 -9999 -9999 -9999 -9999 -9999 -9999 -9999 -9999 -9999 -9999 -9999 -9999 -9999 -9999 -9999 -9999 -9999 -9999 -9999 -9999 -9999 -9999 -9999 -9999 -9999 -9999 -9999 -9999 -9999 -9999 -9999 -9999 -9999 -9999 -9999 -9999 -9999 -9999 -9999 -9999 -9999 -9999 -9999 -9999 -9999 -9999 -9999 -9999 -9999 -9999 -9999 -9999 -9999 -9999 -9999 -9999 151 151 152 153 153 154 155 157 158 158 158 158 158 -9999 -9999 -9999 -9999 -9999 -9999 -9999 -9999 -9999 -9999 -9999 -9999 -9999 -9999 -9999 -9999 -9999 -9999 -9999 -9999 -9999 -9999 -9999 -9999 -9999 -9999
-9999 -9999 -9999 -9999 -9999 -9999 -9999 -9999 -9999 -9999 -9999 -9999 -9999 -9999 -9999 -9999 -9999 -9999 -9999 -9999 -9999 -9999 -9999 -9999 -9999 -9999 -9999 -9999 -9999 -9999 -9999 -9999 -9999 -9999 -9999 -9999 -9999 -9999 -9999 -9999 -9999 -9999 -9999 -9999 -9999 -9999 -9999 -9999 -9999 -9999 -9999 -9999 -9999 -9999 -9999 -9999 155 154 155 156 156 157 157 159 160 161 160 160 161 161 -9999 -9999 -9999 -9999 -9999 -9999 -9999 -9999 -9999 -9999 -9999 -9999 -9999 -9999 -9999 -9999 -9999 -9999 -9999 -9999 -9999 -9999 -9999 -9999 -9999 -9999
-9999 -9999 -9999 -9999 -9999 -9999 -9999 -9999 -9999 -9999 -9999 -9999 -9999 -9999 -9999 -9999 -9999 -9999 -9999 -9999 -9999 -9999 -9999 -9999 -9999 -9999 -9999 -9999 -9999 -9999 -9999 -9999 -9999 -9999 -9999 -9999 -9999 -9999 -9999 -9999 -9999 -9999 -9999 -9999 -9999 -9999 -9999 -9999 -9999 -9999 -9999 -9999 -9999 -9999 -9999 156 156 157 158 159 159 159 160 161 163 163 163 163 164 165 -9999 -9999 -9999 -9999 -9999 -9999 -9999 -9999 -9999 -9999 -9999 -9999 -9999 -9999 -9999 -9999 -9999 -9999 -9999 -9999 -9999 -9999 -9999 -9999 -9999 -9999
-9999 -9999 -9999 -9999 -9999 -9999 -9999 -9999 -9999 -9999 -9999 -9999 -9999 -9999 -9999 -9999 -9999 -9999 -9999 -9999 -9999 -9999 -9999 -9999 -9999 -9999 -9999 -9999 -9999 -9999 -9999 -9999 -9999 -9999 -9999 -9999 -9999 -9999 -9999 -9999 -9999 -9999 -9999 -9999 -9999 -9999 -9999 -9999 -9999 -9999 -9999 -9999 -9999 -9999 -9999 -9999 158 160 160 161 161 161 162 163 165 165 165 165 167 167 -9999 -9999 -9999 -9999 -9999 -9999 -9999 -9999 -9999 -9999 -9999 -9999 -9999 -9999 -9999 -9999 -9999 -9999 -9999 -9999 -9999 -9999 -9999 -9999 -9999 -9999
-9999 -9999 -9999 -9999 -9999 -9999 -9999 -9999 -9999 -9999 -9999 -9999 -9999 -9999 -9999 -9999 -9999 -9999 -9999 -9999 -9999 -9999 -9999 -9999 -9999 -9999 -9999 -9999 -9999 -9999 -9999 -9999 -9999 -9999 -9999 -9999 -9999 -9999 -9999 -9999 -9999 -9999 -9999 -9999 -9999 -9999 -9999 -9999 -9999 -9999 -9999 -9999 -9999 -9999 -9999 160 160 162 162 163 163 163 164 165 166 166 166 167 168 169 171 -9999 -9999 -9999 -9999 -9999 -9999 -9999 -9999 -9999 -9999 -9999 -9999 -9999 -9999 -9999 -9999 -9999 -9999 -9999 -9999 -9999 -9999 -9999 -9999 -9999
-9999 -9999 -9999 -9999 -9999 -9999 -9999 -9999 -9999 -9999 -9999 -9999 -9999 -9999 -9999 -9999 -9999 -9999 -9999 -9999 -9999 -9999 -9999 -9999 -9999 -9999 -9999 -9999 -9999 -9999 -9999 -9999 -9999 -9999 -9999 -9999 -9999 -9999 -9999 -9999 -9999 -9999 -9999 -9999 -9999 -9999 -9999 -9999 -9999 -9999 -9999 -9999 -9999 -9999 -9999 -9999 162 163 163 163 164 164 165 165 166 166 167 168 170 172 173 -9999 -9999 -9999 -9999 -9999 -9999 -9999 -9999 -9999 -9999 -9999 -9999 -9999 -9999 -9999 -9999 -9999 -9999 -9999 -9999 -9999 -9999 -9999 -9999 -9999
