Example_data/Species_1/M_variables/Set_1/bio_2.asc
ncols         249
nrows         150
xllcorner     -108.16666292027
yllcorner     24.666671082377
cellsize      0.16666667535901
NODATA_value  -9999
[rows 78 to 116 of 150, columns 89 to 177 of 249]
139 142 139 140 140 139 142 140 140 142 144 143 144 142 141 137 131 126 123 121 119 118 117 117 119 120 122 123 124 123 123 124 125 126 128 131 132 131 128 126 124 123 123 125 128 130 133 133 132 130 126 128 133 132 132 134 130 132 133 133 132 132 132 131 131 130 131 133 128 125 118 126 129 131 132 134 133 130 129 130 131 132 133 135 135 135 134 134 135
131 135 140 141 142 138 142 142 142 144 145 141 140 137 135 131 126 123 121 121 119 117 116 117 119 122 124 125 125 126 127 128 128 130 133 135 136 133 129 126 125 127 128 130 130 133 134 131 129 128 123 127 131 131 129 132 132 133 133 134 134 133 134 132 131 132 133 129 127 122 119 124 127 132 136 138 135 131 130 129 129 129 130 132 134 133 132 133 134
123 128 136 141 143 141 142 142 142 144 143 141 137 132 128 125 122 121 121 120 118 115 115 117 120 123 124 126 128 128 130 132 134 135 136 138 139 137 132 129 128 129 132 133 133 133 132 130 126 122 122 126 128 126 127 132 131 131 133 135 135 136 135 134 134 133 132 127 125 120 121 128 138 140 140 138 136 132 129 127 125 126 128 130 132 132 132 132 133
123 130 135 140 141 138 139 143 142 142 143 139 134 130 124 121 119 119 118 117 115 114 114 116 119 122 124 126 128 130 133 136 138 139 140 140 140 138 134 130 127 129 131 133 134 133 132 128 121 119 122 127 130 127 128 128 127 130 133 136 137 136 135 133 130 131 128 120 120 125 130 136 137 137 138 138 137 133 127 124 123 125 128 130 131 132 133 132 132
123 130 133 138 133 134 137 139 139 138 137 134 132 128 123 118 117 117 116 115 113 114 115 115 119 121 123 126 128 131 134 137 141 143 144 144 141 138 136 131 129 131 133 133 131 131 132 129 121 120 122 127 133 132 129 126 125 129 135 137 137 135 133 134 129 129 131 130 129 136 136 133 134 136 138 138 136 133 129 126 124 126 128 131 132 132 131 128 130
127 124 125 125 129 130 129 130 132 134 134 130 127 125 122 118 117 116 115 114 114 115 116 117 120 121 123 125 128 131 135 139 141 144 146 146 143 138 136 132 131 132 133 132 129 130 129 126 122 124 126 135 135 133 130 128 128 132 137 137 128 132 129 134 136 126 121 135 136 138 134 132 132 134 136 136 135 134 131 128 127 127 130 132 132 131 129 126 128
133 133 131 129 132 135 134 133 130 128 128 127 124 123 121 119 117 115 114 114 114 116 118 119 121 122 123 126 129 132 136 139 142 143 143 142 141 138 136 135 133 132 131 129 128 126 121 121 126 125 132 135 135 134 134 132 132 131 126 122 126 128 134 133 134 132 133 135 135 133 132 131 131 131 133 133 134 133 132 130 128 128 131 132 131 130 127 126 127
138 140 139 137 135 133 131 129 130 129 125 125 123 123 122 119 118 115 114 113 112 115 118 121 122 124 125 127 131 134 137 140 141 141 140 138 136 135 135 134 133 132 130 128 125 118 119 123 124 130 134 135 136 137 137 132 134 137 141 140 139 125 124 127 134 133 134 137 137 135 135 132 130 130 130 131 133 133 133 132 129 129 130 131 129 127 126 127 127
136 139 140 138 136 134 131 127 127 127 125 123 122 122 122 120 118 116 113 112 113 115 119 122 124 125 128 130 132 135 138 139 139 139 137 135 134 135 134 133 133 132 130 130 124 119 121 125 125 131 133 135 137 137 137 131 133 135 133 142 135 130 123 133 131 131 133 136 137 137 136 133 130 128 127 128 131 132 133 133 131 129 129 129 128 126 125 127 128
138 138 135 137 134 130 126 124 124 124 122 121 120 121 121 119 118 116 114 112 113 117 121 124 125 127 129 131 133 135 137 137 137 136 135 134 133 133 134 133 132 132 130 126 125 127 130 126 130 130 132 134 135 137 138 141 141 136 128 137 128 127 133 130 130 130 131 133 135 136 138 135 130 128 126 128 130 131 132 132 132 131 131 130 128 126 125 127 128
136 135 133 133 131 127 121 119 120 120 120 119 119 119 120 119 118 117 115 115 115 119 122 125 127 128 129 131 133 134 135 137 136 135 134 133 132 132 131 130 131 130 128 127 131 134 129 129 131 130 132 133 127 134 137 138 138 135 134 135 134 134 134 131 128 126 127 130 133 137 138 136 132 128 127 128 129 130 131 130 132 134 133 132 131 129 129 129 129
133 131 131 132 129 125 120 118 118 118 118 118 119 119 120 119 119 118 118 118 119 121 123 126 129 129 129 129 130 133 135 137 136 135 133 132 132 132 130 129 130 131 130 132 135 130 131 130 133 132 132 132 130 130 130 130 131 132 134 134 133 133 131 129 127 125 127 132 135 139 138 137 133 131 130 129 130 130 130 131 132 133 133 133 133 132 131 130 129
137 133 133 135 133 127 122 119 117 117 117 117 119 119 120 119 118 119 120 121 122 124 126 128 130 130 129 128 129 133 135 136 136 135 134 132 131 131 130 129 130 131 131 133 130 130 131 133 136 133 134 132 129 127 127 130 132 131 131 130 132 131 130 129 129 129 131 135 139 141 140 138 135 133 132 130 130 131 130 130 131 132 133 135 135 134 132 131 130
136 133 135 137 134 129 124 120 119 118 117 117 119 120 120 119 119 120 122 124 126 128 129 129 130 129 128 128 130 135 137 138 138 136 133 133 132 132 132 131 129 130 131 129 129 132 133 137 136 135 133 131 127 126 127 128 128 128 130 131 131 130 130 131 131 132 135 138 140 141 140 139 137 134 132 131 130 130 130 130 129 130 132 136 136 134 134 131 130
135 134 136 135 134 130 125 122 120 119 119 119 120 120 119 118 118 120 123 126 129 130 131 131 130 128 126 127 131 136 139 141 141 138 135 134 133 133 133 132 131 130 129 128 130 132 136 136 136 134 132 129 127 126 127 126 126 127 130 131 131 131 133 134 134 135 137 139 140 141 139 138 137 134 130 129 129 129 130 130 129 128 132 135 135 134 133 131 129
135 135 135 134 133 131 127 124 122 121 121 121 121 120 118 118 118 120 123 126 129 132 133 132 131 128 126 128 131 135 140 144 145 142 138 137 136 135 135 135 133 131 130 130 132 135 136 136 135 134 132 130 127 126 126 126 126 129 130 130 130 132 136 136 136 137 138 138 140 140 139 138 136 133 130 128 128 127 130 131 131 131 132 134 133 132 131 129 126
134 135 135 135 133 131 129 127 124 124 123 123 121 119 118 118 118 120 122 126 129 132 134 134 133 130 128 128 129 133 139 143 144 143 140 139 138 136 134 134 133 131 132 134 134 135 136 136 135 133 131 129 125 124 125 126 126 128 129 129 129 132 134 136 137 138 138 139 139 139 138 137 136 134 131 129 127 128 131 133 133 133 132 132 130 128 126 124 123
134 134 135 135 133 132 131 130 128 126 125 124 121 119 118 117 118 120 122 125 129 133 135 136 134 131 129 128 127 131 136 141 142 142 140 138 137 135 132 131 130 133 135 135 135 136 137 138 136 134 132 128 125 123 123 125 127 128 129 129 130 131 133 134 135 138 139 139 137 138 139 138 137 134 132 130 130 131 134 136 136 134 132 130 127 122 118 119 120
133 134 135 135 134 134 133 132 130 128 127 125 122 120 118 117 118 120 121 124 128 133 136 136 135 132 129 127 128 130 134 138 139 140 138 136 136 133 129 128 130 134 137 138 136 137 140 139 138 136 133 130 126 123 124 126 127 128 130 131 132 132 132 133 135 138 140 139 139 139 140 139 137 135 133 132 132 134 137 137 136 134 131 128 124 119 115 -9999 -9999
132 133 134 134 135 135 134 133 132 129 127 125 122 120 118 118 119 121 123 125 129 134 137 137 135 132 130 127 128 131 133 135 136 136 136 134 133 132 129 129 132 137 139 140 136 136 139 140 139 138 136 132 129 126 126 128 130 130 131 133 134 134 133 133 134 136 138 139 140 139 139 138 137 135 134 133 132 133 134 133 132 130 127 124 121 119 -9999 -9999 -9999
132 132 132 133 134 135 135 135 133 130 127 125 122 120 120 120 121 123 126 128 132 135 137 136 134 131 130 130 130 131 133 134 134 133 133 132 131 131 132 133 135 138 140 138 136 137 140 141 141 140 138 135 132 130 129 132 133 132 133 135 137 136 134 134 134 136 137 139 140 140 139 138 137 135 134 133 131 130 130 128 125 123 122 121 118 118 -9999 -9999 -9999
132 132 132 132 133 133 134 134 132 129 126 123 121 121 122 122 123 125 128 131 134 136 138 136 134 131 130 131 131 132 133 133 132 132 131 129 128 130 133 135 136 137 137 138 139 138 140 141 142 140 138 137 136 134 134 135 135 134 134 136 140 138 136 134 135 136 137 139 140 140 138 137 136 136 134 133 130 128 126 121 116 115 116 117 116 -9999 -9999 -9999 -9999
131 131 131 132 132 132 132 132 130 127 125 122 120 120 123 124 124 126 128 132 135 137 138 137 135 133 132 131 132 133 133 133 132 131 130 127 126 128 130 132 134 134 135 136 137 137 137 138 138 137 136 136 136 137 138 136 135 134 134 136 139 139 137 135 136 136 136 138 139 138 137 136 135 135 134 132 128 123 119 111 103 105 108 -9999 -9999 -9999 -9999 -9999 -9999
130 130 131 131 131 131 130 129 127 125 123 121 120 120 123 124 126 126 129 133 135 137 138 138 136 133 132 133 133 134 135 134 133 131 130 128 127 126 128 129 130 131 132 132 133 133 133 134 135 134 134 134 135 137 138 137 134 133 133 134 138 140 139 138 137 136 136 137 137 136 135 134 133 133 133 129 123 117 110 102 95 99 -9999 -9999 -9999 -9999 -9999 -9999 -9999
129 130 130 130 130 131 129 126 125 124 122 122 121 122 123 125 125 127 130 133 136 137 138 137 136 134 134 133 134 135 137 135 133 132 131 129 128 127 126 127 127 127 129 129 130 131 131 131 132 132 132 133 134 135 136 136 133 131 131 133 136 139 142 140 139 137 136 135 135 133 131 130 130 129 128 121 116 110 105 99 95 -9999 -9999 -9999 -9999 -9999 -9999 -9999 -9999
129 131 131 131 130 130 129 126 125 124 123 123 123 124 124 124 126 127 129 132 135 137 137 137 136 135 135 134 133 136 137 136 134 133 132 131 129 127 125 126 126 126 126 127 129 130 130 130 131 131 131 133 133 134 134 135 133 132 132 133 136 139 142 141 138 137 136 134 133 130 129 127 125 123 119 113 109 106 103 -9999 -9999 -9999 -9999 -9999 -9999 -9999 -9999 -9999 -9999
132 132 132 132 131 131 130 128 126 125 124 125 126 127 126 127 127 128 129 132 135 137 136 136 135 136 136 136 136 137 138 137 136 135 134 133 131 128 126 127 127 126 126 127 129 129 130 130 131 132 133 133 133 133 133 133 133 132 132 133 134 137 139 139 138 137 135 133 131 129 126 123 121 117 113 109 106 104 -9999 -9999 -9999 -9999 -9999 -9999 -9999 -9999 -9999 -9999 -9999
133 134 133 133 133 132 132 129 127 126 126 127 129 130 130 129 128 127 130 133 136 136 135 134 134 135 137 139 139 138 139 140 138 136 136 136 135 131 130 130 130 129 129 129 129 129 129 130 132 134 135 135 134 132 131 132 132 132 131 132 133 135 137 138 138 137 136 133 130 127 124 121 116 112 109 107 -9999 -9999 -9999 -9999 -9999 -9999 -9999 -9999 -9999 -9999 -9999 -9999 -9999
134 133 132 132 133 133 133 130 128 126 126 128 130 131 132 131 130 129 131 135 137 135 134 133 133 135 137 140 141 141 141 140 139 138 139 138 136 135 133 133 132 132 132 131 130 129 128 128 131 134 135 135 133 132 131 130 131 130 128 129 131 133 135 138 138 137 136 134 129 127 123 118 112 108 106 -9999 -9999 -9999 -9999 -9999 -9999 -9999 -9999 -9999 -9999 -9999 -9999 -9999 -9999
133 131 131 130 130 131 131 129 127 126 125 126 128 130 131 132 131 132 134 136 135 134 133 133 133 135 138 140 142 142 142 142 141 141 140 139 138 136 136 136 137 138 137 134 131 129 128 127 129 132 132 133 133 131 130 129 128 127 126 126 128 131 134 136 136 136 137 135 131 127 121 115 109 106 -9999 -9999 -9999 -9999 -9999 -9999 -9999 -9999 -9999 -9999 -9999 -9999 -9999 -9999 -9999
133 131 130 128 127 127 128 127 127 126 125 123 124 128 131 133 133 134 135 137 135 133 132 132 133 135 138 141 142 141 142 141 141 142 141 138 137 137 138 139 141 142 141 136 131 129 128 128 128 130 132 133 133 132 130 128 127 125 123 124 126 129 133 135 134 135 136 136 133 127 120 112 106 104 -9999 -9999 -9999 -9999 -9999 -9999 -9999 -9999 -9999 -9999 -9999 -9999 -9999 -9999 -9999
132 130 128 126 123 124 125 126 125 125 124 124 126 130 133 133 134 134 134 135 134 132 131 132 133 136 139 141 141 140 140 140 139 139 137 135 136 137 139 140 142 142 140 136 131 127 126 127 129 132 134 135 134 133 132 130 128 126 124 124 126 128 132 134 133 134 136 135 133 126 117 108 103 -9999 -9999 -9999 -9999 -9999 -9999 -9999 -9999 -9999 -9999 -9999 -9999 -9999 -9999 -9999 -9999
131 129 127 124 122 123 124 124 124 124 125 125 127 130 133 134 133 132 132 133 133 132 130 130 132 135 139 140 140 138 136 136 135 135 133 133 134 137 137 139 140 140 137 134 129 126 125 127 131 133 136 136 135 135 134 132 130 129 127 125 126 128 131 133 133 134 136 135 131 123 114 105 101 -9999 -9999 -9999 -9999 -9999 -9999 -9999 -9999 -9999 -9999 -9999 -9999 -9999 -9999 -9999 -9999
130 128 126 125 124 123 123 124 123 124 123 123 126 129 133 134 133 132 132 131 130 130 128 128 130 132 136 139 137 134 131 130 130 129 129 130 132 134 134 134 135 135 134 132 129 127 127 129 132 134 136 136 136 135 134 133 133 132 129 127 125 127 130 133 134 135 135 133 129 122 112 105 -9999 -9999 -9999 -9999 -9999 -9999 -9999 -9999 -9999 -9999 -9999 -9999 -9999 -9999 -9999 -9999 -9999
128 127 127 126 124 123 123 123 123 123 123 123 125 128 131 133 134 133 133 131 129 128 126 125 126 127 130 133 131 128 125 123 123 123 124 125 126 127 127 127 127 128 129 129 129 129 129 131 133 134 135 135 135 134 134 134 134 133 131 128 126 127 131 134 135 136 136 134 128 120 111 104 -9999 -9999 -9999 -9999 -9999 -9999 -9999 -9999 -9999 -9999 -9999 -9999 -9999 -9999 -9999 -9999 -9999
126 125 125 125 123 122 121 122 122 122 122 122 123 125 128 131 134 134 132 130 128 126 124 122 121 121 121 122 122 120 117 115 116 118 119 118 118 119 118 118 119 121 123 126 127 128 130 132 134 134 134 133 132 132 133 134 135 134 133 130 129 130 133 135 136 137 137 134 128 120 110 104 -9999 -9999 -9999 -9999 -9999 -9999 -9999 -9999 -9999 -9999 -9999 -9999 -9999 -9999 -9999 -9999 -9999
124 122 121 120 120 120 120 120 120 120 120 120 120 121 125 128 131 131 129 127 126 125 121 118 115 113 111 111 113 112 110 108 110 112 112 109 109 110 109 109 110 113 117 121 124 127 130 133 134 134 132 131 130 131 133 133 134 134 132 131 131 133 135 136 137 137 136 134 128 121 110 103 -9999 -9999 -9999 -9999 -9999 -9999 -9999 -9999 -9999 -9999 -9999 -9999 -9999 -9999 -9999 -9999 -9999
119 117 117 117 117 117 117 118 118 117 117 118 119 120 122 124 125 125 124 123 122 120 117 113 109 105 101 103 104 106 105 102 103 102 102 100 100 100 102 101 103 107 110 115 119 123 128 133 133 132 130 130 129 130 131 133 133 133 133 132 133 135 137 137 137 137 136 133 127 120 111 103 -9999 -9999 -9999 -9999 -9999 -9999 -9999 -9999 -9999 -9999 -9999 -9999 -9999 -9999 -9999 -9999 -9999
112 112 112 113 113 113 113 113 113 114 115 115 116 118 120 120 120 120 120 119 117 115 112 108 106 99 96 96 97 98 97 91 91 95 96 96 95 96 -9999 -9999 -9999 -9999 -9999 111 114 116 120 125 128 129 128 127 128 129 131 132 133 134 134 134 134 136 137 136 136 136 136 132 125 117 111 109 -9999 -9999 -9999 -9999 -9999 -9999 -9999 -9999 -9999 -9999 -9999 -9999 -9999 -9999 -9999 -9999 -9999
