Example_data/Species_1/M_variables/Set_1/bio_11.asc
ncols         249
nrows         150
xllcorner     -108.16666292027
yllcorner     24.666671082377
cellsize      0.16666667535901
NODATA_value  -9999
[rows 0 to 43 of 150, columns 0 to 95 of 249]
-9999 -9999 -9999 -9999 -9999 -9999 -9999 -9999 -9999 -9999 -9999 -9999 -9999 -9999 -9999 -9999 -9999 -9999 -9999 -9999 -9999 -9999 -9999 -9999 -9999 -9999 -9999 -9999 -9999 -9999 -9999 -9999 -9999 -9999 -9999 -9999 -9999 -9999 -9999 -9999 -9999 -9999 -9999 -9999 -9999 -9999 -9999 -9999 -9999 -9999 -9999 -9999 -9999 -9999 -9999 -9999 -9999 -9999 -9999 -9999 -9999 -9999 -9999 -9999 -9999 -9999 -9999 -9999 -9999 -9999 -9999 -9999 -9999 -9999 -9999 -9999 -9999 -9999 -9999 -9999 -9999 -9999 -9999 -9999 -9999 -9999 -9999 -9999 -9999 -9999 -9999 -9999 -9999 -9999 -9999 -9999
-9999 -9999 -9999 -9999 -9999 -9999 -9999 -9999 -9999 -9999 -9999 -9999 -9999 -9999 -9999 -9999 -9999 -9999 -9999 -9999 -9999 -9999 -9999 -9999 -9999 -9999 -9999 -9999 -9999 -9999 -9999 -9999 -9999 -9999 -9999 -9999 -9999 -9999 -9999 -9999 -9999 -9999 -9999 -9999 -9999 -9999 -9999 -9999 -9999 -9999 -9999 -9999 -9999 -9999 -9999 -9999 -9999 -9999 -9999 -9999 -9999 -9999 -9999 -9999 -9999 -9999 -9999 -9999 -9999 -9999 -9999 -9999 -9999 -9999 -9999 -9999 -158 -158 -157 -156 -154 -9999 -9999 -9999 -9999 -9999 -9999 -9999 -9999 -9999 -9999 -9999 -9999 -9999 -9999 -9999
-9999 -9999 -9999 -9999 -9999 -9999 -9999 -9999 -9999 -9999 -9999 -9999 -9999 -9999 -9999 -9999 -9999 -9999 -9999 -9999 -9999 -9999 -9999 -9999 -9999 -9999 -9999 -9999 -9999 -9999 -9999 -9999 -9999 -9999 -9999 -9999 -9999 -9999 -9999 -9999 -9999 -9999 -9999 -9999 -9999 -9999 -9999 -9999 -9999 -9999 -9999 -9999 -9999 -9999 -9999 -9999 -9999 -9999 -9999 -9999 -9999 -9999 -9999 -9999 -9999 -9999 -9999 -9999 -9999 -9999 -9999 -9999 -9999 -9999 -9999 -9999 -158 -157 -156 -155 -153 -153 -9999 -9999 -9999 -9999 -9999 -9999 -9999 -9999 -9999 -9999 -9999 -9999 -9999 -9999
-9999 -9999 -9999 -9999 -9999 -9999 -9999 -9999 -9999 -9999 -9999 -9999 -9999 -9999 -9999 -9999 -9999 -9999 -9999 -9999 -9999 -9999 -9999 -9999 -9999 -9999 -9999 -9999 -9999 -9999 -9999 -9999 -9999 -9999 -9999 -9999 -9999 -9999 -9999 -9999 -138 -138 -137 -138 -140 -142 -146 -149 -149 -149 -146 -143 -140 -140 -143 -145 -147 -148 -148 -147 -143 -142 -144 -146 -148 -150 -151 -152 -154 -155 -156 -157 -157 -158 -158 -157 -157 -156 -155 -153 -152 -151 -9999 -9999 -9999 -9999 -9999 -9999 -9999 -9999 -9999 -9999 -9999 -9999 -9999 -9999
-9999 -9999 -9999 -9999 -9999 -9999 -9999 -9999 -9999 -9999 -9999 -9999 -9999 -9999 -9999 -9999 -9999 -9999 -9999 -9999 -9999 -9999 -9999 -9999 -9999 -9999 -9999 -9999 -9999 -9999 -9999 -9999 -9999 -9999 -9999 -9999 -9999 -9999 -9999 -9999 -134 -134 -134 -135 -138 -140 -144 -147 -148 -150 -148 -143 -139 -139 -142 -144 -146 -148 -149 -149 -146 -143 -143 -144 -145 -146 -147 -149 -152 -154 -155 -154 -155 -155 -156 -156 -156 -155 -154 -152 -151 -150 -150 -9999 -9999 -9999 -9999 -9999 -9999 -9999 -9999 -9999 -9999 -9999 -9999 -9999
-9999 -9999 -9999 -9999 -9999 -9999 -9999 -9999 -9999 -9999 -9999 -9999 -9999 -9999 -9999 -9999 -9999 -9999 -9999 -9999 -9999 -9999 -9999 -9999 -9999 -9999 -9999 -9999 -9999 -9999 -9999 -9999 -9999 -9999 -9999 -9999 -9999 -9999 -9999 -132 -131 -130 -131 -135 -138 -138 -138 -139 -141 -143 -145 -143 -141 -139 -141 -143 -146 -147 -149 -150 -147 -143 -141 -141 -142 -143 -144 -147 -150 -153 -153 -153 -153 -154 -155 -155 -155 -154 -152 -150 -149 -148 -149 -148 -148 -147 -146 -144 -143 -143 -144 -146 -147 -9999 -9999 -9999
-9999 -9999 -9999 -9999 -9999 -9999 -9999 -9999 -9999 -9999 -9999 -9999 -9999 -9999 -9999 -9999 -9999 -9999 -9999 -9999 -9999 -9999 -9999 -9999 -9999 -9999 -9999 -9999 -9999 -9999 -9999 -9999 -9999 -9999 -9999 -9999 -9999 -9999 -9999 -129 -127 -126 -128 -132 -137 -137 -136 -136 -136 -137 -139 -140 -139 -139 -140 -142 -144 -146 -147 -148 -146 -140 -136 -137 -139 -141 -143 -145 -149 -152 -152 -151 -150 -151 -152 -152 -152 -151 -149 -148 -147 -146 -147 -147 -146 -145 -144 -143 -141 -141 -142 -143 -144 -146 -147 -9999
-9999 -9999 -9999 -9999 -9999 -9999 -9999 -9999 -9999 -9999 -9999 -9999 -9999 -9999 -9999 -9999 -9999 -9999 -9999 -9999 -9999 -9999 -9999 -9999 -9999 -9999 -9999 -9999 -9999 -9999 -9999 -9999 -9999 -9999 -9999 -9999 -9999 -9999 -9999 -126 -122 -120 -123 -126 -130 -131 -131 -131 -130 -132 -135 -138 -139 -138 -139 -139 -141 -143 -144 -145 -144 -138 -132 -134 -137 -139 -141 -144 -147 -149 -149 -147 -145 -145 -147 -147 -147 -147 -146 -145 -144 -143 -144 -145 -145 -145 -144 -142 -141 -140 -141 -141 -142 -143 -144 -145
-9999 -9999 -9999 -9999 -9999 -9999 -9999 -9999 -9999 -9999 -9999 -9999 -9999 -9999 -9999 -9999 -9999 -9999 -9999 -9999 -9999 -9999 -9999 -9999 -9999 -9999 -9999 -9999 -9999 -9999 -9999 -9999 -9999 -9999 -9999 -9999 -9999 -9999 -125 -124 -119 -116 -119 -122 -123 -125 -126 -126 -126 -127 -131 -135 -137 -137 -137 -137 -139 -141 -142 -143 -143 -138 -133 -133 -136 -137 -139 -142 -145 -146 -145 -144 -141 -140 -141 -143 -143 -143 -143 -142 -142 -141 -141 -143 -145 -145 -145 -143 -141 -140 -140 -141 -142 -142 -143 -143
-9999 -9999 -9999 -9999 -9999 -9999 -9999 -9999 -9999 -9999 -9999 -9999 -9999 -9999 -9999 -9999 -9999 -9999 -9999 -9999 -9999 -9999 -9999 -9999 -9999 -9999 -9999 -9999 -9999 -9999 -9999 -9999 -9999 -9999 -9999 -9999 -9999 -9999 -121 -122 -122 -120 -119 -121 -120 -119 -121 -122 -123 -125 -128 -132 -134 -133 -134 -135 -137 -138 -140 -141 -142 -140 -136 -135 -136 -135 -135 -138 -141 -143 -141 -140 -138 -138 -138 -139 -140 -140 -140 -141 -140 -138 -140 -141 -143 -145 -145 -144 -141 -139 -138 -138 -139 -140 -142 -142
-9999 -9999 -9999 -9999 -9999 -9999 -9999 -9999 -9999 -9999 -9999 -9999 -9999 -9999 -9999 -9999 -9999 -9999 -9999 -9999 -9999 -9999 -9999 -9999 -9999 -9999 -9999 -9999 -9999 -9999 -9999 -9999 -9999 -9999 -9999 -9999 -9999 -9999 -118 -120 -122 -123 -122 -120 -115 -114 -117 -119 -121 -123 -124 -126 -129 -131 -132 -134 -135 -137 -137 -137 -139 -139 -136 -136 -136 -133 -131 -134 -139 -141 -138 -136 -135 -136 -136 -136 -137 -138 -139 -140 -139 -139 -141 -142 -143 -144 -145 -144 -142 -138 -135 -135 -136 -137 -140 -141
-9999 -9999 -9999 -9999 -9999 -9999 -9999 -9999 -9999 -9999 -9999 -9999 -9999 -9999 -9999 -9999 -9999 -9999 -9999 -9999 -9999 -9999 -9999 -9999 -9999 -9999 -9999 -9999 -9999 -9999 -9999 -9999 -9999 -9999 -9999 -9999 -9999 -112 -115 -117 -119 -120 -119 -119 -116 -115 -115 -118 -120 -121 -121 -122 -125 -127 -129 -132 -134 -136 -135 -133 -134 -137 -135 -134 -134 -131 -130 -132 -136 -138 -136 -134 -134 -133 -134 -135 -136 -138 -140 -141 -141 -140 -140 -141 -141 -144 -146 -145 -142 -137 -134 -132 -132 -134 -137 -139
-9999 -9999 -9999 -9999 -9999 -9999 -9999 -9999 -9999 -9999 -9999 -9999 -9999 -9999 -9999 -9999 -9999 -9999 -9999 -9999 -9999 -9999 -9999 -9999 -9999 -9999 -9999 -9999 -9999 -9999 -9999 -9999 -9999 -9999 -9999 -9999 -9999 -107 -109 -111 -113 -114 -114 -117 -116 -116 -116 -119 -122 -122 -120 -119 -121 -124 -125 -128 -132 -135 -133 -130 -130 -133 -133 -132 -131 -130 -128 -129 -131 -133 -133 -133 -133 -132 -132 -134 -136 -137 -139 -140 -140 -139 -137 -136 -137 -141 -145 -144 -140 -136 -133 -131 -130 -130 -132 -132
-9999 -9999 -9999 -9999 -9999 -9999 -9999 -9999 -9999 -9999 -9999 -9999 -9999 -9999 -9999 -9999 -9999 -9999 -9999 -9999 -9999 -9999 -9999 -9999 -9999 -9999 -9999 -9999 -9999 -9999 -9999 -9999 -9999 -9999 -9999 -9999 -9999 -103 -104 -107 -108 -111 -112 -115 -116 -115 -117 -121 -125 -125 -123 -121 -121 -121 -122 -122 -126 -129 -129 -127 -127 -130 -130 -129 -128 -127 -125 -125 -127 -128 -129 -131 -132 -131 -132 -133 -134 -135 -136 -138 -138 -137 -133 -131 -132 -136 -138 -138 -135 -133 -132 -130 -127 -125 -126 -126
-9999 -9999 -9999 -9999 -9999 -9999 -9999 -9999 -9999 -9999 -9999 -9999 -9999 -9999 -9999 -9999 -9999 -9999 -9999 -9999 -9999 -9999 -9999 -9999 -9999 -9999 -9999 -9999 -9999 -9999 -9999 -9999 -9999 -9999 -9999 -9999 -9999 -98 -99 -103 -107 -108 -110 -112 -115 -115 -118 -121 -125 -125 -123 -122 -121 -121 -118 -117 -120 -123 -125 -126 -127 -128 -127 -126 -126 -124 -123 -123 -124 -125 -127 -130 -131 -131 -132 -134 -134 -133 -133 -134 -133 -131 -127 -125 -128 -133 -134 -132 -131 -130 -128 -126 -125 -125 -125 -123
-9999 -9999 -9999 -9999 -9999 -9999 -9999 -9999 -9999 -9999 -9999 -9999 -9999 -9999 -9999 -9999 -9999 -9999 -9999 -9999 -9999 -9999 -9999 -9999 -9999 -9999 -9999 -9999 -9999 -9999 -9999 -9999 -9999 -9999 -9999 -9999 -9999 -98 -100 -102 -106 -109 -110 -109 -114 -115 -117 -119 -121 -121 -119 -119 -119 -118 -117 -115 -117 -120 -123 -125 -127 -128 -125 -125 -124 -122 -121 -121 -122 -124 -128 -131 -132 -132 -133 -132 -132 -132 -131 -131 -129 -124 -123 -123 -127 -132 -132 -130 -127 -126 -125 -124 -123 -123 -124 -120
-9999 -9999 -9999 -9999 -9999 -9999 -9999 -9999 -9999 -9999 -9999 -9999 -9999 -9999 -9999 -9999 -9999 -9999 -9999 -9999 -9999 -9999 -9999 -9999 -9999 -9999 -9999 -9999 -9999 -9999 -9999 -9999 -9999 -9999 -9999 -9999 -9999 -97 -98 -100 -102 -105 -106 -104 -108 -111 -113 -116 -117 -115 -114 -115 -115 -115 -115 -114 -114 -117 -121 -124 -126 -127 -124 -122 -121 -119 -118 -118 -119 -122 -127 -132 -132 -132 -131 -131 -131 -131 -130 -128 -126 -123 -122 -122 -125 -128 -129 -127 -125 -124 -122 -122 -122 -121 -119 -116
-9999 -9999 -9999 -9999 -9999 -9999 -9999 -9999 -9999 -9999 -9999 -9999 -9999 -9999 -9999 -9999 -9999 -9999 -9999 -9999 -9999 -9999 -9999 -9999 -9999 -9999 -9999 -9999 -9999 -9999 -9999 -9999 -9999 -9999 -9999 -9999 -93 -95 -97 -98 -101 -102 -101 -101 -102 -107 -110 -113 -113 -111 -112 -114 -115 -114 -113 -113 -113 -115 -118 -121 -123 -123 -122 -120 -119 -118 -117 -117 -118 -121 -124 -129 -130 -129 -129 -129 -130 -130 -128 -127 -125 -123 -121 -121 -121 -123 -125 -124 -123 -121 -121 -121 -120 -119 -116 -111
-9999 -9999 -9999 -9999 -9999 -9999 -9999 -9999 -9999 -9999 -9999 -9999 -9999 -9999 -9999 -9999 -9999 -9999 -9999 -9999 -9999 -9999 -9999 -9999 -9999 -9999 -9999 -9999 -9999 -9999 -9999 -9999 -9999 -9999 -9999 -9999 -90 -92 -95 -98 -99 -100 -101 -101 -104 -103 -108 -111 -112 -111 -112 -113 -114 -113 -114 -114 -114 -115 -116 -118 -120 -120 -118 -118 -117 -117 -117 -116 -117 -119 -120 -123 -124 -125 -126 -126 -127 -128 -127 -125 -123 -123 -121 -120 -119 -121 -122 -123 -123 -122 -121 -119 -118 -116 -112 -108
-9999 -9999 -9999 -9999 -9999 -9999 -9999 -9999 -9999 -9999 -9999 -9999 -9999 -9999 -9999 -9999 -9999 -9999 -9999 -9999 -9999 -9999 -9999 -9999 -9999 -9999 -9999 -9999 -9999 -9999 -9999 -9999 -9999 -9999 -9999 -9999 -88 -90 -94 -99 -99 -98 -98 -99 -99 -100 -105 -109 -111 -112 -112 -114 -115 -115 -115 -114 -114 -113 -114 -115 -117 -118 -116 -116 -116 -116 -116 -115 -115 -116 -118 -120 -120 -122 -122 -123 -124 -126 -126 -123 -121 -121 -121 -120 -120 -121 -123 -125 -124 -123 -121 -119 -117 -115 -115 -114
-9999 -9999 -9999 -9999 -9999 -9999 -9999 -9999 -9999 -9999 -9999 -9999 -9999 -9999 -9999 -9999 -9999 -9999 -9999 -9999 -9999 -9999 -9999 -9999 -9999 -9999 -9999 -9999 -9999 -9999 -9999 -9999 -9999 -9999 -9999 -9999 -84 -88 -91 -94 -95 -95 -95 -95 -95 -96 -100 -105 -108 -110 -114 -116 -117 -116 -115 -114 -112 -111 -112 -114 -116 -117 -117 -116 -115 -114 -114 -113 -114 -115 -117 -119 -119 -120 -121 -121 -122 -123 -122 -120 -118 -118 -118 -118 -120 -121 -123 -125 -125 -122 -121 -118 -117 -116 -115 -115
-9999 -9999 -9999 -9999 -9999 -9999 -9999 -9999 -9999 -9999 -9999 -9999 -9999 -9999 -9999 -9999 -9999 -9999 -9999 -9999 -9999 -9999 -9999 -9999 -9999 -9999 -9999 -9999 -9999 -9999 -9999 -9999 -9999 -9999 -9999 -9999 -81 -84 -87 -90 -90 -92 -94 -94 -92 -91 -98 -103 -106 -109 -112 -115 -117 -115 -113 -113 -108 -107 -110 -113 -115 -115 -116 -116 -113 -112 -111 -111 -111 -113 -117 -118 -119 -120 -119 -119 -119 -118 -118 -116 -115 -114 -114 -115 -117 -120 -122 -123 -122 -119 -118 -118 -116 -115 -113 -111
-9999 -9999 -9999 -9999 -9999 -9999 -9999 -9999 -9999 -9999 -9999 -9999 -9999 -9999 -9999 -9999 -9999 -9999 -9999 -9999 -9999 -9999 -9999 -9999 -9999 -9999 -9999 -9999 -9999 -9999 -9999 -9999 -9999 -9999 -9999 -9999 -79 -83 -85 -87 -88 -89 -91 -92 -93 -92 -95 -99 -103 -106 -109 -111 -113 -112 -110 -107 -104 -105 -109 -112 -112 -112 -111 -112 -112 -108 -107 -106 -106 -106 -109 -113 -116 -118 -116 -116 -115 -114 -113 -112 -111 -110 -109 -110 -113 -117 -119 -119 -116 -114 -114 -115 -114 -112 -110 -109
-9999 -9999 -9999 -9999 -9999 -9999 -9999 -9999 -9999 -9999 -9999 -9999 -9999 -9999 -9999 -9999 -9999 -9999 -9999 -9999 -9999 -9999 -9999 -9999 -9999 -9999 -9999 -9999 -9999 -9999 -9999 -9999 -9999 -9999 -9999 -9999 -78 -81 -83 -84 -84 -85 -86 -89 -90 -91 -93 -97 -99 -102 -104 -106 -107 -107 -105 -101 -101 -104 -108 -112 -110 -108 -106 -110 -110 -108 -101 -99 -100 -101 -103 -107 -111 -112 -112 -112 -111 -110 -110 -109 -108 -107 -106 -106 -109 -112 -113 -113 -110 -109 -109 -110 -110 -109 -108 -106
-9999 -9999 -9999 -9999 -9999 -9999 -9999 -9999 -9999 -9999 -9999 -9999 -9999 -9999 -9999 -9999 -9999 -9999 -9999 -9999 -9999 -9999 -9999 -9999 -9999 -9999 -9999 -9999 -9999 -9999 -9999 -9999 -9999 -9999 -9999 -9999 -80 -81 -82 -83 -84 -84 -84 -85 -87 -87 -89 -94 -98 -101 -102 -102 -103 -103 -100 -98 -99 -101 -104 -107 -106 -105 -105 -107 -106 -107 -102 -97 -98 -99 -101 -104 -107 -107 -107 -107 -107 -108 -108 -107 -105 -104 -103 -103 -105 -106 -106 -106 -105 -105 -104 -104 -105 -107 -107 -106
-9999 -9999 -9999 -9999 -9999 -9999 -9999 -9999 -9999 -9999 -9999 -9999 -9999 -9999 -9999 -9999 -9999 -9999 -9999 -9999 -9999 -9999 -9999 -9999 -9999 -9999 -9999 -9999 -9999 -9999 -9999 -9999 -9999 -9999 -9999 -9999 -81 -82 -83 -83 -83 -83 -82 -83 -85 -85 -87 -91 -97 -100 -100 -100 -99 -98 -96 -96 -97 -98 -100 -102 -103 -103 -104 -103 -103 -104 -106 -98 -96 -97 -99 -102 -104 -104 -103 -103 -104 -105 -106 -104 -103 -101 -101 -101 -101 -100 -100 -100 -99 -98 -98 -98 -101 -105 -106 -106
-9999 -9999 -9999 -9999 -9999 -9999 -9999 -9999 -9999 -9999 -9999 -9999 -9999 -9999 -9999 -9999 -9999 -9999 -9999 -9999 -9999 -9999 -9999 -9999 -9999 -9999 -9999 -9999 -9999 -9999 -9999 -9999 -9999 -9999 -9999 -9999 -79 -79 -79 -80 -81 -81 -80 -79 -81 -83 -85 -87 -93 -95 -96 -96 -95 -93 -92 -93 -95 -96 -98 -99 -101 -102 -102 -101 -102 -104 -107 -103 -96 -95 -96 -97 -100 -101 -101 -101 -102 -105 -105 -104 -102 -99 -99 -99 -98 -97 -96 -95 -93 -92 -92 -93 -97 -101 -105 -105
-9999 -9999 -9999 -9999 -9999 -9999 -9999 -9999 -9999 -9999 -9999 -9999 -9999 -9999 -9999 -9999 -9999 -9999 -9999 -9999 -9999 -9999 -9999 -9999 -9999 -9999 -9999 -9999 -9999 -9999 -9999 -9999 -9999 -9999 -78 -78 -75 -75 -77 -79 -81 -80 -80 -80 -81 -80 -81 -84 -90 -93 -93 -93 -91 -89 -88 -90 -92 -95 -97 -98 -98 -100 -100 -100 -101 -102 -104 -104 -99 -95 -94 -93 -96 -98 -99 -100 -101 -103 -105 -104 -102 -99 -98 -98 -97 -95 -93 -92 -90 -88 -87 -90 -93 -96 -99 -100
-9999 -9999 -9999 -9999 -9999 -9999 -9999 -9999 -9999 -9999 -9999 -9999 -9999 -9999 -9999 -9999 -9999 -9999 -9999 -9999 -9999 -9999 -9999 -9999 -9999 -9999 -9999 -9999 -9999 -9999 -9999 -9999 -72 -73 -73 -72 -71 -71 -74 -78 -80 -78 -76 -74 -74 -75 -77 -81 -85 -89 -90 -90 -89 -89 -87 -88 -90 -94 -97 -97 -96 -97 -99 -99 -99 -101 -103 -104 -100 -96 -93 -92 -93 -95 -97 -98 -99 -101 -102 -102 -101 -100 -100 -99 -97 -95 -94 -92 -90 -86 -84 -88 -90 -93 -96 -96
-9999 -9999 -9999 -9999 -9999 -9999 -9999 -9999 -9999 -9999 -9999 -9999 -9999 -9999 -9999 -9999 -9999 -9999 -9999 -9999 -9999 -9999 -9999 -9999 -9999 -9999 -9999 -9999 -9999 -9999 -9999 -65 -66 -67 -67 -67 -67 -68 -69 -73 -73 -71 -70 -70 -69 -70 -73 -76 -80 -85 -87 -87 -87 -86 -86 -87 -88 -91 -93 -93 -93 -93 -96 -97 -98 -100 -103 -103 -100 -97 -95 -93 -92 -92 -94 -95 -96 -97 -98 -100 -100 -100 -100 -99 -97 -97 -96 -95 -93 -90 -89 -87 -88 -91 -92 -92
-9999 -9999 -9999 -9999 -9999 -9999 -9999 -9999 -9999 -9999 -9999 -9999 -9999 -9999 -9999 -9999 -9999 -9999 -9999 -9999 -9999 -9999 -9999 -9999 -9999 -9999 -9999 -9999 -9999 -9999 -56 -58 -60 -63 -63 -63 -63 -63 -65 -65 -66 -67 -68 -67 -67 -65 -67 -72 -77 -82 -85 -86 -86 -86 -85 -85 -85 -86 -87 -88 -88 -89 -92 -94 -96 -98 -101 -101 -101 -99 -97 -94 -91 -91 -91 -93 -94 -94 -93 -95 -97 -98 -97 -96 -96 -96 -98 -99 -97 -94 -91 -89 -89 -88 -89 -89
-9999 -9999 -9999 -9999 -9999 -9999 -9999 -9999 -9999 -9999 -9999 -9999 -9999 -9999 -9999 -9999 -9999 -9999 -9999 -9999 -9999 -9999 -9999 -9999 -9999 -9999 -9999 -9999 -41 -45 -48 -51 -54 -55 -56 -57 -58 -61 -62 -62 -63 -65 -64 -64 -64 -63 -63 -68 -75 -81 -86 -86 -87 -86 -86 -85 -83 -81 -82 -82 -84 -86 -88 -90 -93 -96 -99 -100 -100 -99 -97 -93 -91 -90 -90 -92 -93 -93 -93 -93 -93 -93 -93 -93 -93 -93 -97 -99 -98 -95 -92 -91 -91 -90 -89 -88
-9999 -9999 -9999 -9999 -9999 -9999 -9999 -9999 -9999 -9999 -9999 -9999 -9999 -9999 -9999 -9999 -9999 -9999 -9999 -9999 -9999 -9999 -9999 -9999 -9999 -9999 -9999 -44 -41 -39 -42 -46 -49 -51 -52 -55 -57 -58 -59 -60 -60 -60 -60 -60 -59 -60 -62 -67 -71 -76 -81 -82 -82 -82 -83 -82 -80 -76 -77 -79 -82 -83 -85 -87 -91 -94 -96 -97 -99 -98 -97 -93 -91 -91 -92 -93 -94 -94 -94 -93 -91 -89 -89 -90 -91 -92 -96 -97 -96 -93 -92 -91 -90 -89 -88 -88
-9999 -9999 -9999 -9999 -9999 -9999 -9999 -9999 -9999 -9999 -9999 -9999 -9999 -9999 -9999 -9999 -9999 -9999 -9999 -9999 -9999 -9999 -9999 -9999 -9999 -9999 -45 -42 -42 -38 -39 -43 -46 -49 -49 -52 -53 -54 -54 -54 -55 -56 -56 -56 -57 -60 -63 -67 -70 -72 -73 -74 -75 -77 -78 -77 -76 -74 -73 -77 -81 -82 -82 -84 -88 -93 -92 -92 -95 -96 -95 -93 -92 -92 -93 -95 -95 -96 -95 -92 -88 -86 -86 -88 -89 -91 -94 -96 -95 -90 -90 -90 -89 -88 -88 -89
-9999 -9999 -9999 -9999 -9999 -9999 -9999 -9999 -9999 -9999 -9999 -9999 -9999 -9999 -9999 -9999 -9999 -9999 -9999 -9999 -9999 -9999 -9999 -9999 -9999 -50 -49 -40 -37 -38 -38 -41 -44 -46 -48 -48 -48 -48 -50 -50 -51 -52 -52 -54 -55 -58 -59 -62 -65 -66 -68 -70 -70 -71 -71 -72 -72 -71 -71 -75 -78 -80 -80 -81 -85 -89 -89 -88 -90 -92 -91 -91 -90 -92 -93 -94 -95 -95 -94 -90 -86 -83 -84 -86 -87 -89 -91 -92 -92 -90 -90 -90 -89 -87 -88 -90
-9999 -9999 -9999 -9999 -9999 -9999 -9999 -9999 -9999 -9999 -9999 -9999 -9999 -9999 -9999 -9999 -9999 -9999 -9999 -9999 -9999 -9999 -9999 -9999 -41 -43 -44 -39 -35 -36 -39 -41 -44 -47 -47 -45 -42 -40 -43 -45 -46 -47 -48 -49 -50 -51 -53 -55 -57 -59 -60 -61 -63 -65 -66 -68 -68 -68 -69 -72 -75 -76 -76 -78 -81 -84 -86 -85 -84 -85 -87 -87 -88 -91 -93 -93 -93 -93 -92 -88 -85 -83 -83 -84 -85 -86 -88 -89 -89 -90 -90 -89 -89 -87 -88 -90
-9999 -9999 -9999 -9999 -9999 -9999 -9999 -9999 -9999 -9999 -9999 -9999 -9999 -9999 -9999 -9999 -9999 -9999 -9999 -9999 -9999 -9999 -9999 -43 -42 -41 -40 -38 -36 -36 -38 -42 -45 -48 -47 -45 -44 -42 -41 -43 -44 -45 -46 -46 -47 -49 -49 -50 -51 -52 -54 -56 -58 -60 -62 -63 -64 -66 -67 -69 -70 -71 -72 -74 -77 -82 -83 -82 -80 -80 -81 -82 -84 -88 -92 -93 -92 -91 -89 -86 -84 -83 -82 -83 -83 -84 -85 -86 -87 -89 -90 -88 -87 -87 -88 -91
-9999 -9999 -9999 -9999 -9999 -9999 -9999 -9999 -9999 -9999 -9999 -9999 -9999 -9999 -9999 -9999 -9999 -9999 -9999 -9999 -9999 -9999 -45 -45 -44 -42 -42 -40 -37 -37 -39 -42 -45 -49 -50 -48 -47 -44 -42 -45 -45 -47 -47 -47 -49 -51 -49 -49 -48 -47 -49 -52 -55 -56 -58 -60 -62 -62 -63 -65 -66 -67 -69 -71 -76 -81 -81 -80 -78 -77 -78 -78 -80 -85 -89 -90 -90 -88 -85 -83 -82 -81 -81 -80 -81 -82 -83 -84 -85 -88 -87 -85 -84 -86 -87 -89
-9999 -9999 -9999 -9999 -9999 -9999 -9999 -9999 -9999 -9999 -9999 -9999 -9999 -9999 -9999 -9999 -9999 -9999 -9999 -9999 -9999 -43 -45 -46 -46 -45 -44 -42 -40 -39 -40 -42 -45 -48 -50 -50 -49 -46 -44 -44 -47 -51 -50 -50 -53 -53 -51 -50 -50 -49 -50 -51 -54 -57 -58 -58 -60 -60 -59 -60 -63 -64 -66 -69 -75 -78 -78 -78 -77 -75 -74 -74 -77 -81 -84 -85 -84 -83 -82 -81 -79 -79 -79 -79 -79 -80 -81 -82 -83 -84 -83 -82 -81 -83 -84 -85
-9999 -9999 -9999 -9999 -9999 -9999 -9999 -9999 -9999 -9999 -9999 -9999 -9999 -9999 -9999 -9999 -9999 -9999 -9999 -9999 -9999 -41 -43 -45 -46 -47 -48 -47 -43 -41 -40 -41 -44 -47 -50 -50 -49 -46 -44 -44 -47 -49 -49 -51 -54 -54 -52 -49 -48 -48 -50 -51 -53 -56 -59 -59 -57 -57 -57 -57 -60 -61 -63 -67 -70 -75 -76 -77 -76 -72 -70 -72 -74 -76 -77 -78 -80 -80 -79 -79 -77 -76 -78 -78 -78 -79 -80 -81 -81 -81 -81 -79 -79 -80 -80 -82
-9999 -9999 -9999 -9999 -9999 -9999 -9999 -9999 -9999 -9999 -9999 -9999 -9999 -9999 -9999 -9999 -9999 -9999 -9999 -9999 -40 -42 -43 -44 -45 -46 -47 -47 -44 -41 -40 -40 -42 -46 -51 -53 -50 -46 -42 -42 -44 -47 -48 -48 -49 -50 -49 -48 -48 -50 -51 -50 -51 -53 -54 -54 -55 -56 -54 -54 -56 -57 -59 -64 -66 -67 -70 -71 -71 -68 -68 -69 -70 -73 -74 -76 -77 -77 -76 -77 -76 -75 -75 -75 -76 -78 -80 -81 -81 -80 -79 -77 -76 -77 -79 -80
-9999 -9999 -9999 -9999 -9999 -9999 -9999 -9999 -9999 -9999 -9999 -9999 -9999 -9999 -9999 -9999 -9999 -9999 -9999 -38 -41 -43 -41 -43 -45 -46 -46 -46 -41 -39 -39 -40 -41 -44 -49 -52 -50 -46 -43 -42 -43 -44 -44 -44 -44 -45 -47 -46 -45 -46 -49 -50 -50 -51 -52 -53 -54 -55 -55 -53 -53 -55 -59 -61 -62 -62 -64 -64 -64 -64 -65 -65 -67 -69 -72 -75 -76 -75 -74 -75 -76 -75 -73 -72 -73 -76 -79 -79 -79 -79 -77 -74 -73 -74 -77 -78
-9999 -9999 -9999 -9999 -9999 -9999 -9999 -9999 -9999 -9999 -9999 -9999 -9999 -9999 -9999 -9999 -9999 -9999 -9999 -32 -37 -40 -38 -40 -42 -45 -46 -44 -42 -40 -39 -38 -38 -42 -46 -49 -49 -47 -45 -44 -44 -44 -43 -42 -40 -42 -45 -45 -45 -44 -46 -49 -51 -52 -52 -54 -57 -58 -57 -54 -52 -54 -56 -59 -59 -58 -61 -62 -61 -60 -61 -62 -63 -66 -69 -73 -74 -74 -73 -73 -73 -72 -70 -68 -69 -72 -75 -76 -75 -75 -75 -73 -73 -72 -72 -73
-9999 -9999 -9999 -9999 -9999 -9999 -9999 -9999 -9999 -9999 -9999 -9999 -9999 -9999 -9999 -9999 -9999 -9999 -30 -27 -30 -31 -32 -35 -40 -43 -44 -42 -39 -37 -35 -35 -37 -41 -45 -49 -49 -47 -45 -44 -45 -44 -43 -41 -42 -44 -45 -46 -46 -46 -47 -49 -50 -51 -51 -54 -58 -58 -56 -53 -52 -52 -54 -56 -57 -57 -58 -59 -60 -58 -57 -58 -60 -62 -66 -70 -73 -73 -72 -71 -69 -67 -66 -65 -66 -67 -69 -72 -72 -71 -72 -73 -73 -71 -70 -69
