Example_data/Species_1/M_variables/Set_1/bio_13.asc
ncols         249
nrows         150
xllcorner     -108.16666292027
yllcorner     24.666671082377
cellsize      0.16666667535901
NODATA_value  -9999
[rows 40 to 79 of 150, columns 91 to 181 of 249]
119 119 118 116 115 113 113 112 109 107 107 105 106 107 107 108 107 105 104 105 102 101 100 100 100 101 101 101 100 98 94 93 -9999 -9999 -9999 -9999 -9999 -9999 -9999 94 95 97 99 100 100 101 101 99 96 92 90 89 88 87 86 85 85 86 86 84 82 82 80 80 80 -9999 -9999 -9999 -9999 -9999 -9999 -9999 -9999 -9999 -9999 -9999 -9999 -9999 -9999 -9999 -9999 -9999 -9999 94 95 96 95 95 93 92 88
119 119 118 117 116 114 114 114 111 110 108 107 106 107 108 110 109 108 105 105 104 103 102 101 102 103 103 103 101 100 97 95 94 -9999 -9999 -9999 -9999 -9999 -9999 96 97 100 100 99 100 100 100 98 95 91 89 88 87 85 84 85 86 87 87 85 83 82 80 80 81 -9999 -9999 -9999 -9999 -9999 -9999 -9999 -9999 -9999 -9999 -9999 -9999 -9999 -9999 -9999 -9999 -9999 95 96 98 102 103 102 103 100 93
120 119 118 117 115 114 114 114 113 113 111 110 109 107 107 109 110 108 105 105 105 105 104 102 103 104 105 105 104 103 100 97 95 -9999 -9999 -9999 -9999 -9999 -9999 97 99 101 101 99 99 99 98 96 94 91 89 89 88 87 86 86 86 87 88 85 84 82 80 80 -9999 -9999 -9999 -9999 -9999 -9999 -9999 -9999 -9999 -9999 -9999 -9999 -9999 -9999 -9999 -9999 -9999 101 102 103 106 110 109 109 110 105 102
121 119 118 116 115 114 114 114 115 114 113 112 111 109 108 108 109 108 107 105 105 107 106 105 105 105 106 106 105 103 100 98 96 -9999 -9999 -9999 -9999 -9999 -9999 98 99 102 103 99 98 98 97 94 92 90 89 90 89 88 87 86 86 87 88 88 85 83 -9999 -9999 -9999 -9999 -9999 -9999 -9999 -9999 -9999 -9999 -9999 -9999 -9999 -9999 -9999 -9999 -9999 104 106 109 112 112 111 111 114 114 112 110 111
121 119 118 117 115 114 114 115 116 116 114 113 112 111 110 109 108 109 108 107 107 109 110 111 109 108 108 106 104 103 101 99 97 -9999 -9999 -9999 -9999 -9999 99 100 101 102 101 98 95 95 94 92 91 90 91 91 91 90 88 87 85 87 89 88 86 84 -9999 -9999 -9999 -9999 -9999 -9999 -9999 -9999 -9999 -9999 -9999 -9999 -9999 -9999 99 101 104 110 116 118 117 113 115 118 118 118 117 115 116
120 120 119 117 116 115 114 116 117 117 115 114 112 111 111 110 110 110 111 111 111 111 112 112 111 110 109 108 105 104 102 100 98 -9999 -9999 -9999 -9999 98 99 101 102 101 99 96 95 94 94 94 94 93 94 93 92 91 89 88 88 88 88 87 -9999 -9999 -9999 -9999 -9999 -9999 -9999 -9999 -9999 -9999 -9999 -9999 -9999 97 97 99 101 105 110 113 117 116 114 117 119 122 122 122 122 122 118
120 119 118 117 116 115 116 116 117 116 115 114 112 111 111 110 111 110 111 112 113 112 112 111 110 109 109 107 106 105 104 101 99 97 -9999 -9999 97 97 98 99 99 98 96 96 96 96 96 97 97 96 96 94 92 91 90 90 90 90 89 88 -9999 -9999 -9999 -9999 -9999 -9999 -9999 -9999 -9999 -9999 94 96 98 100 101 103 107 111 113 116 117 119 119 121 123 127 127 125 125 125 122
118 118 117 115 115 115 115 115 115 114 113 112 111 110 109 110 110 110 111 111 112 112 110 109 108 107 106 106 106 105 104 101 100 100 100 100 101 102 102 101 100 99 99 98 96 96 97 97 98 96 94 92 91 91 91 92 92 91 90 90 -9999 -9999 -9999 -9999 -9999 -9999 -9999 -9999 91 93 95 100 101 103 105 107 111 113 115 117 119 120 121 121 124 127 128 128 127 126 124
116 115 113 112 112 113 113 113 113 112 110 109 109 108 108 109 109 109 110 110 110 110 108 106 105 104 104 104 103 103 103 103 103 103 103 104 105 107 106 105 105 104 103 102 100 98 97 97 96 95 93 92 91 91 92 93 93 93 92 92 92 92 92 91 91 90 90 90 92 96 102 104 102 104 105 107 111 115 117 118 120 120 121 121 122 124 126 127 125 124 122
113 112 111 110 112 112 112 112 112 111 109 108 108 109 109 109 109 108 108 108 108 106 104 102 102 102 102 101 102 103 106 107 106 106 106 107 107 107 108 109 109 108 108 106 103 101 99 96 95 94 92 92 93 92 92 92 93 94 94 95 95 96 95 94 93 92 92 93 94 98 101 102 100 101 103 107 112 115 117 118 120 122 122 121 120 121 123 123 121 122 120
111 110 110 110 112 113 113 112 111 110 108 106 107 109 110 110 109 109 108 107 106 103 101 103 103 103 101 100 101 103 106 108 107 107 108 109 108 108 109 109 110 110 111 109 106 102 99 96 94 92 92 93 94 94 95 96 97 96 96 97 98 98 98 97 94 93 93 95 96 98 100 100 100 101 102 106 111 115 117 118 121 122 122 121 120 119 120 120 122 119 117
111 111 110 111 113 115 115 113 112 110 108 106 106 108 110 110 109 107 106 105 105 103 102 103 103 103 103 101 101 102 104 106 107 107 109 109 108 108 108 107 107 108 109 108 106 103 99 96 93 91 91 92 93 95 96 99 100 99 99 99 101 101 101 101 100 98 99 99 99 101 102 102 102 102 103 104 108 112 114 116 117 120 120 120 118 117 119 117 116 114 116
113 113 113 113 114 116 117 115 113 111 108 105 106 108 110 110 109 106 104 103 103 102 102 103 103 103 103 102 101 101 102 104 106 107 108 108 106 105 105 104 104 104 103 104 104 102 100 96 93 91 92 93 93 94 96 99 101 101 101 102 103 103 103 104 104 103 102 102 102 103 105 105 105 104 104 103 104 107 109 112 113 115 117 117 117 116 114 114 113 114 110
114 114 114 114 115 117 118 117 115 112 108 105 106 108 109 110 108 106 104 102 101 102 102 102 101 101 102 102 102 102 103 104 106 107 107 106 104 102 102 102 104 105 104 103 102 102 100 98 96 94 93 93 94 95 98 100 101 101 102 104 105 106 107 106 107 106 106 106 106 106 106 107 106 106 104 103 102 102 105 107 109 111 115 118 118 115 112 112 111 107 106
114 113 113 114 115 117 118 118 117 113 111 108 108 109 108 108 107 107 104 102 102 103 104 104 102 101 102 103 104 105 105 105 106 106 106 104 102 101 102 103 105 107 107 106 104 101 100 100 98 96 93 93 95 97 99 100 101 100 102 104 106 109 109 109 109 110 109 109 109 108 107 108 108 107 106 104 101 101 103 105 108 111 115 119 120 117 112 108 105 103 103
114 111 112 113 114 115 118 120 118 115 113 110 109 108 108 107 106 104 102 101 101 103 104 105 105 103 104 105 106 108 108 108 107 107 105 103 102 101 103 104 106 107 107 106 104 101 100 100 99 98 96 95 96 98 99 101 102 101 102 104 107 110 110 110 111 112 111 110 110 109 108 108 109 109 108 106 103 102 102 105 108 110 114 117 119 117 113 103 101 101 102
116 111 112 113 114 113 116 118 119 117 114 113 111 109 107 106 105 102 101 99 100 103 105 106 106 104 106 108 109 110 110 110 110 109 107 106 105 104 105 106 108 109 108 106 103 100 100 101 102 101 98 97 97 100 102 103 104 102 102 105 107 110 112 112 114 114 113 111 110 109 108 109 110 110 109 108 106 104 102 102 106 110 113 115 114 115 108 101 99 101 100
118 113 112 113 113 112 113 115 117 116 115 114 112 109 109 106 104 102 99 98 99 101 103 106 107 106 109 110 112 112 112 112 113 112 111 110 110 109 109 110 111 111 110 108 106 104 104 106 106 104 103 102 101 101 105 106 106 104 103 104 106 109 111 112 114 114 113 111 109 108 109 112 112 110 111 111 108 106 103 105 108 114 115 110 109 109 102 99 98 99 100
118 115 115 114 113 111 111 113 114 114 114 113 111 109 108 107 106 103 100 97 97 99 101 105 106 107 110 111 112 113 113 113 114 114 114 114 114 113 113 113 113 114 114 113 112 111 113 112 112 111 109 107 104 101 103 107 108 105 105 104 104 106 109 111 114 114 112 111 109 108 111 114 114 113 114 113 111 108 107 110 117 117 113 109 107 103 100 97 98 98 101
119 118 117 117 115 113 113 113 113 111 111 111 109 108 107 108 109 106 102 98 97 99 101 104 105 107 109 111 112 112 113 114 114 115 117 118 118 117 116 114 114 116 116 116 116 117 118 116 115 116 113 111 107 103 106 110 111 110 108 106 106 108 110 111 113 115 114 112 110 110 112 114 115 116 117 117 114 111 110 119 121 120 117 110 106 98 97 95 96 97 100
120 120 120 119 117 115 115 115 115 114 112 111 109 107 107 108 109 108 105 103 101 101 102 103 105 105 107 109 110 111 113 114 115 116 118 120 121 119 117 115 114 114 115 116 119 120 119 118 117 116 115 113 112 111 113 115 115 114 111 109 110 112 113 113 111 113 114 112 109 109 111 113 116 118 120 119 116 113 117 124 125 124 119 111 102 93 93 94 96 97 97
121 122 122 121 119 117 116 117 117 116 113 111 108 107 106 107 108 108 107 106 104 103 103 105 105 105 105 107 109 110 111 113 115 117 120 122 124 122 118 115 116 117 117 118 120 121 120 118 117 116 114 114 115 116 118 120 118 116 114 111 111 113 114 113 110 112 113 112 109 108 111 114 117 120 121 119 115 117 123 128 129 125 119 107 97 94 93 96 97 97 97
122 124 123 122 120 118 118 118 118 117 113 111 108 105 105 105 106 108 108 107 106 104 104 105 105 106 105 106 107 108 110 111 113 117 119 121 123 122 120 119 119 120 119 119 120 120 120 119 117 115 115 115 116 118 119 120 118 116 114 112 110 111 113 112 112 113 114 113 111 112 114 116 120 122 123 119 117 121 126 131 130 127 120 105 97 97 95 96 95 96 98
123 124 124 123 121 119 119 118 117 116 113 110 108 104 104 104 106 108 107 107 105 104 102 103 104 105 104 105 105 107 109 112 115 118 121 123 124 124 123 121 120 120 119 118 118 120 120 118 116 115 114 113 115 117 119 119 118 115 114 110 108 109 112 114 115 116 116 117 117 117 119 120 124 126 127 125 125 128 130 130 130 128 114 101 97 98 96 96 96 97 102
125 127 126 124 121 120 119 118 117 116 113 110 107 105 103 103 104 105 105 105 104 102 100 101 103 104 104 106 107 108 111 115 119 122 124 125 126 126 123 122 121 120 119 118 118 120 120 117 116 114 114 113 114 117 119 120 117 114 113 109 108 111 115 117 117 117 119 121 122 122 123 125 127 129 131 133 134 138 131 131 126 121 105 99 99 98 96 95 98 103 103
126 128 128 125 122 121 119 119 118 116 113 110 109 107 104 103 103 103 104 104 103 103 103 104 106 107 108 109 110 112 115 119 122 125 126 126 126 125 124 121 120 119 118 118 120 121 119 117 116 115 114 113 114 116 118 119 117 115 114 110 109 114 119 121 119 120 121 124 125 126 126 128 130 134 135 144 150 149 137 133 127 111 102 102 97 94 96 98 106 103 103
128 129 129 127 124 122 121 121 119 117 114 111 110 109 106 104 102 103 104 104 104 104 106 108 109 110 112 113 114 117 119 122 124 125 126 126 125 124 123 121 121 120 120 120 122 122 122 120 120 118 115 114 114 116 119 119 118 117 116 115 114 116 120 122 122 122 123 126 127 127 127 129 131 138 146 151 157 151 142 130 119 108 102 104 96 96 99 106 105 103 102
129 129 128 127 125 124 123 122 120 118 116 113 111 109 108 105 103 104 105 105 106 106 108 110 112 113 115 117 119 121 122 123 125 126 126 125 123 122 122 121 119 119 120 120 123 124 124 124 123 119 117 115 116 118 119 121 123 123 122 120 119 120 121 123 124 125 126 127 129 129 129 130 136 145 150 151 152 146 134 126 114 106 106 98 98 101 104 108 105 104 103
129 127 126 126 125 125 124 122 121 119 117 115 113 111 109 106 105 106 107 108 109 108 109 111 112 115 116 118 121 123 123 124 124 124 125 123 121 121 121 119 117 116 117 117 122 124 124 124 121 119 117 116 117 120 123 125 127 128 127 125 123 124 124 126 128 129 130 131 132 132 131 132 135 141 144 146 144 131 124 117 108 105 103 99 101 106 110 111 109 106 105
128 127 126 126 126 126 124 122 120 118 117 115 114 112 111 110 108 108 109 111 111 110 110 112 114 116 118 119 121 123 125 124 122 120 121 121 120 120 120 118 117 116 116 117 120 123 123 123 121 119 117 118 120 123 126 130 132 132 131 128 127 127 127 129 130 131 133 133 133 133 131 131 133 136 138 133 124 122 114 110 106 105 104 102 105 110 115 114 111 107 106
127 126 125 125 125 124 123 122 118 116 115 114 113 113 113 114 113 111 111 112 114 113 113 114 116 118 120 121 122 123 124 122 120 119 118 118 119 121 120 119 118 118 117 119 123 125 125 123 122 120 120 120 122 124 127 132 134 133 132 130 128 129 129 130 131 131 133 133 133 132 130 127 129 127 122 115 114 111 109 105 106 103 106 113 110 112 114 112 109 108 107
125 125 124 123 123 122 121 119 116 114 114 113 113 112 115 117 117 115 114 115 116 117 117 118 120 120 122 123 122 122 122 121 121 120 118 118 120 123 123 122 120 120 122 123 125 127 126 125 124 122 121 121 123 125 128 132 132 131 129 127 127 127 128 127 128 130 129 130 130 128 125 122 118 116 109 107 108 103 104 103 105 102 109 110 110 112 111 109 107 106 106
124 123 122 122 121 120 118 117 115 114 114 113 113 114 116 116 117 118 119 120 121 122 124 123 123 123 124 125 124 123 123 123 122 121 118 119 121 124 126 126 124 123 124 127 128 128 128 128 127 124 122 123 124 127 129 130 130 128 126 125 124 123 123 125 125 125 124 124 123 121 118 116 110 106 104 105 104 103 101 103 105 106 106 108 110 111 109 108 106 105 105
122 122 122 121 121 119 117 117 116 115 115 113 113 114 116 116 118 120 122 124 127 126 127 124 123 124 125 126 126 125 124 123 123 121 119 120 121 125 129 130 128 128 129 130 131 131 130 130 129 127 126 125 126 129 130 130 129 127 125 123 121 120 120 122 123 122 121 119 118 116 112 108 105 102 107 103 101 100 101 104 107 106 106 108 109 110 108 107 106 105 106
122 123 122 121 121 119 118 119 118 116 115 114 114 115 117 120 122 123 123 126 128 129 127 125 123 124 126 127 127 126 125 124 124 122 121 121 121 123 127 129 130 131 132 131 131 130 130 129 128 128 127 126 127 128 130 130 130 128 126 122 119 119 119 120 121 121 121 119 116 114 109 105 104 101 99 100 100 102 103 105 105 105 106 107 108 107 107 106 106 106 107
123 123 122 121 120 120 120 120 119 118 117 116 117 119 121 125 129 129 128 128 130 130 129 126 125 125 126 127 127 126 126 126 126 125 124 124 124 125 126 128 130 131 130 130 130 130 129 129 127 126 126 126 127 128 131 131 131 129 127 123 119 122 120 120 121 121 120 118 117 115 110 105 102 100 101 102 105 108 109 108 106 106 106 106 106 105 105 105 106 106 108
121 121 120 118 117 117 119 119 120 120 120 119 121 122 124 128 132 134 132 130 131 132 130 127 128 129 129 129 128 127 127 127 129 130 130 130 130 129 128 128 129 130 129 130 130 129 128 127 125 125 125 126 126 128 131 132 133 131 129 128 128 123 126 121 120 121 122 120 115 113 108 105 102 104 107 107 110 115 115 112 109 108 107 107 106 105 104 104 105 107 110
120 121 119 119 117 117 118 119 120 121 122 122 123 124 125 128 130 133 132 131 132 133 131 128 130 132 132 131 130 130 130 132 133 134 134 133 133 132 130 130 132 131 132 132 131 128 129 128 127 126 127 128 127 127 130 132 131 131 128 125 122 122 118 119 119 120 118 118 119 120 116 111 109 111 113 115 120 121 119 116 112 109 108 108 107 106 105 105 106 108 111
123 122 121 121 119 119 120 120 120 122 122 124 126 127 126 127 129 132 131 131 133 133 131 130 131 133 133 133 132 133 134 136 137 138 136 135 134 133 133 134 135 136 137 137 134 131 129 130 132 131 130 131 132 130 134 133 129 127 124 122 120 118 117 117 118 119 123 125 130 123 121 117 116 114 115 121 124 122 119 115 112 111 110 109 109 108 106 107 108 110 114
126 125 124 123 121 121 122 122 121 123 124 125 126 128 129 129 130 131 130 130 131 132 132 130 132 133 134 135 134 135 138 139 139 140 138 137 134 132 132 134 136 138 141 141 138 137 135 135 138 136 136 138 139 135 132 130 127 124 122 119 117 119 120 118 119 125 126 129 132 129 129 122 116 113 114 118 120 118 116 114 113 112 112 112 112 111 111 112 112 114 116
