Example_data/Species_1/M_variables/Set_1/bio_2.asc
ncols         249
nrows         150
xllcorner     -108.16666292027
yllcorner     24.666671082377
cellsize      0.16666667535901
NODATA_value  -9999
[rows 78 to 116 of 150, columns 0 to 88 of 249]
-9999 -9999 -9999 -9999 -9999 -9999 -9999 -9999 184 181 169 165 172 176 179 173 155 172 179 181 185 188 181 169 166 166 167 168 166 163 163 165 166 167 167 165 164 164 163 163 164 163 163 161 158 157 156 155 153 152 151 149 148 147 149 148 145 144 141 137 134 133 133 132 131 131 131 132 135 135 136 136 134 134 132 132 131 131 130 130 131 132 133 132 130 129 133 137 137
-9999 -9999 -9999 -9999 -9999 -9999 -9999 -9999 178 175 170 167 172 174 179 179 171 170 171 184 190 191 185 176 172 170 169 169 166 163 162 164 166 166 165 163 162 162 162 164 165 164 163 160 158 157 157 155 153 150 149 148 147 147 146 146 145 143 140 136 132 128 129 130 131 132 131 133 135 137 137 136 133 131 131 130 130 131 128 127 128 130 131 130 130 130 130 133 131
-9999 -9999 -9999 -9999 -9999 -9999 -9999 -9999 173 170 166 168 173 175 174 171 161 169 176 183 188 189 184 177 173 172 172 170 168 166 166 166 165 164 163 162 161 161 162 163 166 165 162 159 159 159 160 159 155 151 148 145 144 145 145 144 142 140 140 137 132 128 129 130 130 131 131 132 134 136 138 136 132 129 128 129 129 130 126 125 127 129 129 129 129 129 127 127 125
-9999 -9999 -9999 -9999 -9999 -9999 -9999 171 164 164 159 162 177 172 167 156 168 176 179 182 185 184 181 174 171 170 171 171 170 169 169 168 166 165 163 161 160 160 160 161 162 162 160 159 158 158 158 156 152 150 145 144 144 144 144 144 140 138 138 137 133 130 130 131 131 131 131 131 133 136 138 136 134 130 128 129 129 128 126 126 127 128 129 128 128 128 126 125 120
-9999 -9999 -9999 -9999 -9999 -9999 -9999 174 169 162 157 155 177 169 155 148 168 179 181 181 185 182 179 172 168 168 172 171 169 171 172 170 168 166 163 161 159 158 158 158 158 160 160 159 158 158 159 157 153 150 147 146 145 145 144 142 139 136 135 136 134 132 131 131 132 130 130 130 132 134 137 137 135 133 131 130 129 129 128 128 127 126 126 126 125 125 122 119 120
-9999 -9999 -9999 -9999 -9999 -9999 -9999 171 168 160 157 160 163 162 156 155 168 177 181 184 182 179 177 173 170 166 171 170 169 171 172 172 170 168 165 161 159 158 159 158 158 158 156 154 152 153 153 153 151 148 147 147 147 145 143 140 138 135 134 134 134 132 130 130 128 128 129 130 132 135 136 136 135 132 131 130 130 131 130 129 126 126 126 127 126 123 125 124 123
-9999 -9999 -9999 -9999 -9999 -9999 -9999 172 170 163 168 168 165 165 167 167 173 183 179 179 178 177 176 174 173 169 169 170 170 171 173 173 172 170 168 165 161 158 159 156 155 154 152 150 150 149 150 150 148 146 147 148 146 143 142 140 137 135 134 133 133 132 129 127 125 126 128 131 133 134 134 134 133 132 130 129 130 132 131 129 128 129 132 133 136 136 130 130 131
-9999 -9999 -9999 -9999 -9999 -9999 -9999 169 167 168 170 167 169 174 172 176 182 186 184 181 179 177 174 169 169 167 168 169 171 172 173 173 170 168 167 165 163 161 158 154 155 154 152 151 151 151 152 151 151 150 149 146 142 136 137 139 136 136 135 134 134 132 129 126 123 125 129 133 133 133 131 130 130 130 128 127 129 132 134 134 133 133 134 137 139 138 138 138 139
-9999 -9999 -9999 -9999 -9999 -9999 173 170 166 168 158 162 168 175 174 176 181 184 182 180 178 175 173 168 166 166 167 167 169 169 171 170 166 165 163 162 160 158 155 155 156 155 153 152 151 150 151 153 152 152 151 148 142 135 134 138 138 138 137 138 136 135 132 131 130 130 132 134 134 133 132 130 129 128 127 126 128 132 133 134 136 137 136 137 139 138 135 131 134
-9999 -9999 -9999 -9999 -9999 -9999 175 172 169 166 160 163 174 178 174 174 179 180 179 177 176 175 172 170 167 166 164 165 167 168 169 166 165 164 163 162 160 158 157 156 157 157 156 155 154 153 153 153 153 153 151 149 143 137 136 137 139 139 138 139 138 138 135 134 135 133 134 134 134 133 132 129 128 128 127 127 128 131 132 135 136 141 138 139 140 139 135 135 137
-9999 -9999 -9999 -9999 -9999 181 180 177 177 172 164 165 178 180 175 173 176 178 177 176 176 174 171 168 165 165 164 164 164 165 166 165 165 164 164 163 161 160 159 160 160 158 159 157 155 154 153 152 153 153 153 150 145 138 137 138 138 136 136 135 136 137 138 138 138 136 135 133 133 132 130 128 127 127 126 129 130 132 137 139 143 143 138 137 141 135 137 138 137
-9999 -9999 -9999 -9999 -9999 178 182 186 188 181 164 172 182 182 177 173 174 175 176 177 175 174 172 170 166 165 164 163 164 166 166 165 165 165 165 164 162 160 159 158 159 162 160 159 156 154 153 153 153 154 153 151 147 140 139 140 138 136 133 133 133 134 137 139 139 139 136 132 131 131 130 129 127 126 126 128 131 131 134 136 137 139 133 134 137 137 137 136 136
-9999 -9999 -9999 -9999 185 181 188 192 193 185 164 174 179 180 175 173 173 174 177 177 177 175 173 173 170 168 166 164 163 165 166 166 165 166 167 166 163 161 159 158 157 158 160 158 157 155 153 152 153 154 153 151 147 142 142 143 143 140 133 133 134 134 137 138 139 138 135 130 128 130 131 129 128 126 127 127 129 130 129 128 132 132 134 131 135 136 139 141 139
-9999 -9999 -9999 -9999 188 186 184 195 194 183 176 171 173 174 174 174 172 175 176 177 178 177 176 177 175 172 169 166 162 161 165 167 168 168 168 166 163 160 157 156 155 154 155 155 154 152 150 148 150 152 151 149 148 146 145 146 146 144 140 138 136 136 138 138 137 132 132 129 129 129 131 130 128 128 129 130 131 130 129 131 133 138 135 132 130 132 136 137 137
-9999 -9999 -9999 188 183 182 187 194 188 177 175 172 173 171 167 170 173 176 179 180 180 180 180 180 176 172 170 169 168 166 167 170 172 170 168 165 162 157 154 153 153 153 154 153 152 152 151 151 150 150 149 149 148 148 147 146 145 144 143 141 138 138 139 140 137 132 130 129 130 131 130 130 130 130 132 134 133 132 133 134 135 134 135 137 137 136 136 137 136
-9999 -9999 -9999 194 185 177 180 190 184 177 179 173 173 173 170 170 175 179 181 182 182 183 183 182 179 174 171 170 170 170 170 171 171 169 167 163 159 156 152 152 152 152 151 151 150 151 151 150 150 149 150 149 149 148 147 145 144 143 141 141 140 139 139 138 135 131 128 127 127 129 130 130 129 130 130 131 132 132 135 136 137 138 139 138 138 135 135 134 135
-9999 -9999 -9999 185 182 179 177 190 187 184 178 170 172 176 171 169 174 179 182 183 183 183 184 184 181 175 172 170 170 170 171 171 170 168 166 162 158 154 152 152 152 152 149 150 150 152 152 153 152 151 150 150 149 148 147 146 144 142 141 141 140 139 137 136 134 131 128 126 124 125 127 129 129 129 129 129 130 132 134 136 137 137 137 136 134 131 131 133 134
-9999 -9999 194 188 181 185 187 192 188 185 173 169 175 178 166 167 173 177 181 182 182 184 185 185 182 178 174 173 173 173 173 172 170 168 166 161 156 153 152 152 152 151 150 150 151 152 155 155 153 152 151 151 150 149 147 145 144 143 142 141 139 137 135 133 131 130 127 124 120 120 125 127 127 127 126 126 127 130 132 134 135 135 133 132 130 128 129 132 133
-9999 -9999 192 192 178 182 186 185 184 183 173 176 178 174 163 162 160 166 178 181 181 184 187 185 182 180 177 175 175 175 174 173 170 169 167 162 155 153 153 152 152 152 152 152 154 156 158 158 154 153 153 151 149 147 146 145 144 143 141 139 137 135 132 132 130 129 128 125 121 120 123 126 127 126 126 126 127 130 132 133 133 133 131 129 126 126 128 131 132
-9999 -9999 192 190 183 176 176 178 177 175 176 180 176 160 144 159 166 173 176 178 177 178 183 183 183 181 177 178 179 178 176 173 171 169 166 162 158 156 155 154 154 154 154 154 155 156 157 157 155 153 152 151 149 146 146 144 144 142 141 139 137 136 136 133 131 130 130 128 124 123 124 126 126 127 127 128 130 132 134 134 133 131 130 127 125 124 128 131 132
-9999 182 188 188 175 168 168 171 166 169 181 179 174 160 148 148 160 170 173 175 174 173 177 181 182 180 177 178 181 180 176 173 171 168 166 163 160 159 157 154 153 153 153 154 155 156 156 155 153 150 148 148 146 144 145 145 144 143 140 138 138 139 139 134 131 128 128 127 125 125 126 126 127 128 128 129 131 134 136 135 133 131 130 128 126 127 129 131 133
-9999 177 182 183 174 169 168 172 167 177 183 179 172 162 142 144 157 169 172 173 173 173 177 180 179 178 175 177 178 176 174 171 169 167 166 164 162 160 158 154 152 152 152 152 153 153 153 152 150 148 146 145 144 143 144 144 144 144 140 138 137 137 137 135 129 126 125 124 123 124 125 126 128 128 129 130 132 134 136 134 131 129 129 128 127 128 130 131 132
-9999 181 176 179 177 175 174 180 174 174 185 181 171 161 136 143 158 169 171 171 172 174 179 179 177 176 173 174 173 171 170 168 168 166 165 164 162 160 156 152 150 148 148 149 151 151 151 149 147 144 143 142 141 144 144 145 144 143 141 140 137 135 133 131 126 123 122 121 120 123 125 126 128 129 130 131 132 133 134 132 128 127 128 128 128 128 129 131 131
-9999 180 177 179 183 186 184 187 185 175 187 185 177 163 137 142 155 164 168 168 169 172 178 176 176 175 174 171 169 167 165 165 165 165 164 163 162 159 155 151 148 147 147 148 148 148 147 145 142 140 138 138 138 142 144 144 143 141 140 139 138 136 133 128 124 123 121 119 122 124 126 126 126 128 130 131 132 132 133 132 129 128 128 127 127 126 127 128 129
-9999 182 178 183 187 185 187 189 190 175 182 183 179 173 158 153 159 164 161 163 164 168 172 173 174 173 171 169 166 164 163 163 163 162 162 161 160 157 152 148 146 146 147 147 146 146 145 143 140 136 135 135 136 141 142 142 140 139 140 139 139 139 136 131 127 125 123 122 125 127 127 127 128 128 129 130 131 132 132 131 128 128 127 127 126 125 124 125 127
186 186 184 188 189 185 184 185 184 173 180 179 176 172 169 170 167 169 163 156 158 159 162 169 171 171 168 166 165 164 163 162 161 160 159 158 157 155 151 145 144 145 146 146 146 144 143 140 138 133 132 132 135 138 139 141 140 139 137 136 137 139 140 135 132 128 126 126 128 128 129 128 129 129 129 130 129 130 129 129 128 127 128 128 127 125 124 125 128
189 188 186 187 189 187 184 182 180 169 174 174 173 170 169 173 175 172 172 158 150 150 153 165 170 170 167 165 166 165 164 162 160 158 157 157 156 153 150 145 144 147 148 148 147 145 143 141 138 135 134 134 135 136 137 139 139 137 133 132 136 142 144 139 135 131 128 128 128 128 128 129 130 130 130 129 129 128 128 127 127 127 130 131 130 129 128 129 130
188 188 185 182 186 184 181 179 175 171 168 169 170 167 171 172 177 177 174 156 146 150 157 164 170 171 169 168 168 169 166 162 159 157 156 155 155 155 152 149 148 149 151 151 152 148 146 145 144 142 139 138 139 139 139 138 139 138 134 134 137 139 141 140 136 131 127 127 127 127 128 129 130 130 129 128 127 127 127 127 127 130 132 134 134 133 132 132 133
185 186 184 185 185 181 179 177 173 168 161 165 169 168 173 178 181 180 177 161 152 156 159 164 170 175 174 172 170 170 167 164 159 157 156 154 155 156 155 155 155 154 155 154 152 153 151 149 148 147 143 140 142 142 142 139 137 137 137 136 138 139 138 136 134 130 126 126 127 128 130 130 131 130 128 127 126 124 126 127 128 130 133 135 136 137 135 135 135
188 188 186 186 185 184 181 178 174 169 166 169 173 172 176 182 184 181 178 172 158 158 160 164 172 176 178 177 174 172 170 167 163 158 156 155 155 156 156 157 158 158 158 157 155 151 149 150 150 150 147 144 145 144 143 142 137 136 136 137 138 137 136 134 131 127 124 124 127 130 132 131 130 130 129 127 126 125 125 128 128 131 134 136 137 138 138 137 135
-9999 -9999 -9999 -9999 -9999 -9999 -9999 -9999 -9999 -9999 176 179 179 179 177 179 182 180 174 174 164 156 162 166 172 175 179 181 179 176 174 172 167 162 159 155 154 155 156 157 159 160 159 157 154 150 147 148 151 153 152 149 148 147 145 142 139 135 134 135 137 136 132 130 129 125 123 125 127 131 133 132 131 130 131 128 127 128 128 129 129 131 133 135 136 138 139 138 136
-9999 -9999 -9999 -9999 -9999 -9999 -9999 -9999 -9999 -9999 -9999 183 184 183 181 177 179 176 168 162 172 160 163 168 175 178 181 184 183 180 178 175 171 166 161 156 154 154 155 157 158 159 158 156 153 148 143 147 151 154 154 152 150 147 146 143 140 136 135 136 134 133 131 128 127 125 125 127 129 130 131 131 131 131 131 130 129 129 130 130 130 131 133 134 136 137 138 137 135
-9999 -9999 -9999 -9999 -9999 -9999 -9999 -9999 -9999 -9999 -9999 -9999 182 183 184 181 176 174 166 162 171 168 163 171 176 179 183 185 183 180 178 177 173 166 160 153 153 153 153 155 155 156 155 154 152 148 145 146 150 152 153 152 149 146 145 143 141 139 136 137 134 129 125 124 126 126 126 128 129 129 130 131 131 131 131 131 131 131 132 132 130 131 133 134 136 136 137 136 133
-9999 -9999 -9999 -9999 -9999 -9999 -9999 -9999 -9999 -9999 -9999 -9999 -9999 173 181 181 175 175 171 167 172 172 166 168 169 178 182 184 182 179 175 172 169 163 158 153 152 151 152 152 153 153 153 153 151 150 148 148 150 152 153 152 149 147 145 143 140 140 139 137 134 125 120 124 126 126 126 127 128 128 128 129 129 130 130 130 131 133 134 133 132 132 133 134 135 135 135 134 132
-9999 -9999 -9999 -9999 -9999 -9999 -9999 -9999 -9999 -9999 -9999 -9999 -9999 -9999 -9999 175 177 173 162 171 171 171 167 159 157 174 178 181 179 177 173 168 163 159 154 151 151 152 152 151 152 151 152 152 152 152 151 151 153 155 155 153 150 147 145 143 142 141 139 135 131 125 122 124 127 127 126 126 126 125 125 126 127 128 128 129 131 134 134 134 133 132 132 133 134 134 133 132 130
-9999 -9999 -9999 -9999 -9999 -9999 -9999 -9999 -9999 -9999 -9999 -9999 -9999 -9999 -9999 -9999 169 171 166 173 173 171 168 156 151 156 166 173 177 175 170 166 161 157 152 149 150 152 153 151 150 150 151 153 154 154 153 152 153 153 153 152 150 148 146 145 145 143 140 134 129 126 124 125 127 127 126 124 123 123 122 124 125 126 125 125 128 132 134 134 133 132 132 131 132 132 132 131 128
-9999 -9999 -9999 -9999 -9999 -9999 -9999 -9999 -9999 -9999 -9999 -9999 -9999 -9999 -9999 -9999 -9999 -9999 167 178 175 173 170 159 156 164 166 169 176 173 167 163 159 156 153 151 151 151 151 150 149 149 150 153 155 155 153 152 152 153 153 152 149 147 145 143 142 140 139 135 129 125 124 125 128 127 124 123 122 122 121 122 124 124 124 125 127 129 132 132 132 132 133 132 131 130 129 128 126
-9999 -9999 -9999 -9999 -9999 -9999 -9999 -9999 -9999 -9999 -9999 -9999 -9999 -9999 -9999 -9999 -9999 -9999 -9999 175 170 165 170 170 170 167 167 171 170 163 160 160 157 154 153 151 151 151 150 149 148 148 149 151 153 153 151 151 151 151 151 148 146 143 141 138 137 137 135 133 130 126 122 124 126 126 124 123 123 122 123 123 124 123 123 124 125 127 128 128 128 129 129 129 129 127 125 123 121
-9999 -9999 -9999 -9999 -9999 -9999 -9999 -9999 -9999 -9999 -9999 -9999 -9999 -9999 -9999 -9999 -9999 -9999 -9999 169 166 164 164 171 177 173 163 160 166 171 167 159 157 155 153 152 151 150 149 147 146 147 147 149 149 149 148 147 148 149 147 146 143 140 139 137 136 135 134 131 127 124 122 123 125 126 125 124 125 124 124 125 124 122 121 121 122 122 122 123 123 123 124 124 123 121 118 115 113
