Example_data/Species_1/M_variables/Set_1/bio_15.asc
ncols         249
nrows         150
xllcorner     -108.16666292027
yllcorner     24.666671082377
cellsize      0.16666667535901
NODATA_value  -9999
[rows 44 to 87 of 150, columns 0 to 95 of 249]
-9999 -9999 -9999 -9999 -9999 -9999 -9999 -9999 -9999 -9999 -9999 -9999 -9999 -9999 -9999 -9999 -9999 57 62 64 66 67 67 67 67 68 68 67 68 66 67 67 67 68 69 69 67 64 63 60 57 59 60 62 63 62 61 59 58 59 58 58 56 57 57 57 56 57 57 56 55 55 54 53 53 53 54 53 52 52 52 53 53 53 52 53 53 53 52 51 51 51 50 50 50 50 50 50 50 49 49 48 47 46 46 45
-9999 -9999 -9999 -9999 -9999 -9999 -9999 -9999 -9999 -9999 -9999 -9999 -9999 -9999 -9999 -9999 -9999 58 63 64 62 66 67 66 66 68 68 68 68 67 68 68 69 69 70 70 66 63 60 57 55 57 61 63 62 62 61 59 58 58 58 58 57 57 57 57 57 56 57 57 56 56 55 55 56 54 53 53 53 52 52 52 52 53 53 53 52 52 50 50 50 49 49 49 49 49 49 49 50 49 48 47 46 45 45 44
-9999 -9999 -9999 -9999 -9999 -9999 -9999 -9999 -9999 -9999 -9999 -9999 -9999 -9999 -9999 -9999 50 57 60 60 61 64 66 65 65 66 68 68 66 67 67 68 69 70 69 67 64 58 54 52 51 56 60 62 62 61 60 60 59 60 59 58 57 57 57 57 56 56 56 56 56 56 56 56 57 54 54 53 54 53 52 52 52 51 52 52 51 50 50 49 48 48 48 49 50 49 49 49 48 47 46 46 45 45 44 44
-9999 -9999 -9999 -9999 -9999 -9999 -9999 -9999 -9999 -9999 -9999 -9999 -9999 -9999 -9999 -9999 50 54 54 56 56 59 62 61 61 63 65 65 68 68 68 69 68 70 69 66 60 51 44 42 47 53 59 62 63 62 62 60 60 59 59 59 58 58 58 56 55 55 56 57 57 57 56 56 56 55 53 54 53 53 52 51 51 51 52 51 51 50 49 48 47 46 46 48 48 48 48 48 45 44 44 43 43 43 43 44
-9999 -9999 -9999 -9999 -9999 -9999 -9999 -9999 -9999 -9999 -9999 -9999 -9999 -9999 -9999 45 46 52 53 56 56 59 59 58 58 61 63 66 66 67 68 68 69 68 67 63 57 48 36 36 45 54 59 64 65 64 62 61 61 60 60 59 58 57 56 57 57 55 57 57 57 56 55 56 55 54 54 54 53 52 52 51 51 51 50 51 51 50 49 47 47 46 47 46 47 47 47 45 41 38 38 41 42 43 43 43
-9999 -9999 -9999 -9999 -9999 -9999 -9999 -9999 -9999 -9999 -9999 -9999 -9999 -9999 -9999 46 45 50 54 54 57 57 59 57 56 60 62 64 66 66 67 66 67 69 68 64 59 50 42 42 49 57 62 65 66 64 64 63 62 62 61 60 59 57 56 56 57 58 57 57 57 56 55 55 54 54 54 53 52 52 52 52 52 51 50 50 50 50 49 48 48 47 47 46 46 46 45 43 38 30 28 36 40 42 43 43
-9999 -9999 -9999 -9999 -9999 -9999 -9999 -9999 -9999 -9999 -9999 -9999 -9999 -9999 -9999 46 42 49 55 55 57 60 61 61 61 63 65 65 67 69 69 68 67 66 66 65 62 59 56 56 58 61 64 65 66 66 64 63 63 63 62 61 59 58 57 57 57 59 59 58 56 55 54 54 53 53 53 53 52 52 52 52 52 51 51 50 50 50 49 49 48 47 46 46 46 46 44 42 37 28 23 31 38 42 42 43
-9999 -9999 -9999 -9999 -9999 -9999 -9999 -9999 -9999 -9999 -9999 -9999 -9999 -9999 37 41 45 49 54 57 57 60 64 66 67 67 67 68 68 70 70 71 69 67 68 69 67 63 64 63 64 66 65 65 67 67 65 65 63 62 62 62 61 59 59 58 58 58 57 57 55 54 54 54 53 54 53 53 52 52 52 52 52 52 51 50 50 49 50 49 49 48 47 46 46 46 45 43 39 34 31 35 40 42 42 42
-9999 -9999 -9999 -9999 -9999 -9999 -9999 -9999 -9999 -9999 -9999 -9999 -9999 -9999 25 38 48 52 54 56 59 63 65 68 69 71 70 72 71 70 72 71 71 70 69 69 68 68 66 65 66 66 67 66 66 66 66 65 64 63 62 63 62 62 59 59 57 57 56 55 55 54 54 54 54 54 53 52 53 52 51 51 50 50 50 50 49 49 49 49 49 48 47 47 47 46 45 44 42 39 37 39 41 42 42 41
-9999 -9999 -9999 -9999 -9999 -9999 -9999 -9999 -9999 -9999 -9999 -9999 -9999 -9999 19 36 48 51 54 57 58 61 66 70 70 71 73 73 73 73 73 73 72 70 70 70 70 70 68 67 67 67 67 66 65 67 67 66 65 64 64 64 63 62 59 58 58 57 56 55 54 54 54 54 55 55 54 53 52 50 49 50 49 49 49 49 49 49 49 49 49 48 47 47 46 45 44 43 42 41 40 41 42 41 41 40
-9999 -9999 -9999 -9999 -9999 -9999 -9999 -9999 -9999 -9999 -9999 -9999 -9999 13 15 22 38 51 54 57 57 60 63 68 70 70 72 72 72 72 71 71 71 71 69 69 72 73 71 69 66 66 66 65 66 67 67 66 65 64 63 62 61 61 60 59 58 58 57 55 55 55 54 54 54 55 54 53 52 49 49 49 49 48 47 48 49 48 49 48 48 47 47 46 45 44 44 41 40 38 38 40 40 40 40 39
-9999 -9999 -9999 -9999 -9999 -9999 -9999 -9999 -9999 -9999 -9999 -9999 -9999 13 14 22 40 48 51 54 55 58 64 67 69 70 72 73 72 73 72 71 72 70 70 69 72 71 71 67 65 66 66 66 67 66 67 66 65 63 62 61 61 61 60 59 58 57 56 56 55 55 54 53 53 54 54 53 52 50 49 48 47 47 48 48 48 48 48 48 47 47 45 45 44 44 43 40 35 31 31 34 36 38 39 38
-9999 -9999 -9999 -9999 -9999 -9999 -9999 -9999 -9999 -9999 -9999 -9999 -9999 13 14 17 37 47 50 51 55 57 60 65 67 69 72 70 72 71 71 71 72 71 69 68 68 69 68 66 66 65 66 64 64 63 65 64 63 61 61 61 62 61 60 58 58 57 56 55 54 53 53 52 53 54 53 53 52 51 50 49 49 48 48 48 48 48 48 48 47 46 45 45 44 44 43 39 32 25 21 27 33 37 38 37
-9999 -9999 -9999 -9999 -9999 -9999 -9999 -9999 -9999 -9999 -9999 -9999 -9999 16 14 16 33 44 47 50 54 57 59 63 65 67 68 69 71 70 72 70 71 69 67 67 68 67 67 65 65 64 63 64 64 62 63 63 61 60 60 61 62 62 60 59 58 57 55 53 53 53 52 52 52 52 53 53 52 51 51 50 49 48 49 48 48 48 48 48 46 45 45 44 44 43 42 39 32 25 22 26 32 37 37 36
-9999 -9999 -9999 -9999 -9999 -9999 -9999 -9999 -9999 -9999 -9999 -9999 13 13 14 17 29 42 46 48 52 56 58 60 62 65 67 69 70 69 70 69 70 68 67 66 66 65 66 64 64 64 63 62 63 62 63 63 63 61 60 60 60 60 59 59 57 55 53 53 53 53 53 52 52 53 53 53 52 52 51 51 51 49 49 48 49 49 48 47 47 45 45 44 43 42 41 38 34 30 28 30 33 35 36 35
-9999 -9999 -9999 -9999 -9999 -9999 -9999 -9999 -9999 -9999 -9999 -9999 14 16 16 21 32 41 44 47 52 58 58 60 61 64 68 68 68 68 69 70 68 66 67 67 65 65 64 67 65 63 62 62 62 63 62 64 63 61 60 59 59 59 58 58 57 55 53 53 54 54 54 53 53 54 54 53 53 52 52 51 50 49 49 48 48 48 48 48 47 45 44 43 42 41 40 39 37 34 33 33 33 34 34 34
-9999 -9999 -9999 -9999 -9999 -9999 -9999 -9999 -9999 -9999 -9999 -9999 17 16 16 19 35 43 43 46 53 58 61 60 63 65 68 69 69 69 68 68 67 67 66 67 66 65 65 67 66 66 65 63 63 62 61 62 62 62 60 59 58 57 56 56 56 55 54 53 54 53 54 54 55 54 54 54 53 53 52 52 50 50 49 49 48 48 48 48 46 45 43 42 41 40 39 38 37 36 34 34 34 34 34 33
-9999 -9999 -9999 -9999 -9999 -9999 -9999 -9999 -9999 -9999 -9999 -9999 16 18 25 26 45 47 46 47 53 59 62 64 66 66 68 68 68 69 67 67 68 66 66 65 65 65 66 67 67 66 66 64 63 62 62 60 61 63 61 59 57 55 54 54 54 54 53 52 53 53 54 53 54 53 53 53 53 52 52 51 51 49 48 48 48 47 48 48 46 44 42 41 40 39 38 37 36 35 35 34 33 33 33 33
-9999 -9999 -9999 -9999 -9999 -9999 -9999 -9999 -9999 -9999 -9999 -9999 18 32 42 34 38 50 51 52 57 60 63 66 68 68 70 71 68 68 69 67 68 66 66 66 65 66 66 65 65 66 66 63 63 62 61 60 60 60 60 59 56 55 53 52 52 52 52 52 51 52 53 53 53 52 52 53 53 52 51 51 49 48 47 48 47 47 46 46 44 43 42 41 40 38 37 36 36 35 34 34 34 33 33 33
-9999 -9999 -9999 -9999 -9999 -9999 -9999 -9999 -9999 -9999 -9999 -9999 25 48 55 48 55 55 53 54 59 62 65 67 69 71 72 71 69 68 68 69 68 68 68 67 66 66 65 64 65 65 64 62 62 62 61 58 58 57 58 58 56 55 52 52 52 52 51 51 50 52 53 51 51 51 50 52 53 51 50 49 48 44 43 46 46 46 45 45 44 43 42 41 39 38 37 36 35 35 34 33 33 33 32 31
-9999 -9999 -9999 -9999 -9999 -9999 -9999 -9999 -9999 -9999 -9999 -9999 35 51 57 55 57 55 46 56 61 63 68 68 72 72 72 71 68 70 69 68 69 69 69 67 65 64 64 65 64 65 63 63 61 63 62 59 57 57 56 56 56 56 54 53 52 51 51 51 51 51 52 50 49 48 48 50 50 50 49 48 45 40 39 45 45 45 45 45 44 44 42 40 39 38 37 36 35 34 34 33 32 32 31 30
-9999 -9999 -9999 -9999 -9999 -9999 -9999 -9999 -9999 -9999 -9999 -9999 50 45 46 53 57 56 43 51 65 68 68 71 73 72 71 69 68 69 68 68 70 70 70 69 67 66 65 64 63 64 62 61 61 61 61 58 57 57 57 57 57 56 55 53 52 52 52 51 52 51 50 48 44 44 45 47 49 48 49 48 46 43 42 45 45 44 44 44 44 43 41 40 38 37 37 37 36 34 33 32 32 32 31 29
-9999 -9999 -9999 -9999 -9999 -9999 -9999 -9999 -9999 -9999 -9999 -9999 46 45 45 52 57 55 55 57 63 65 67 68 73 74 71 70 69 68 67 66 68 70 71 70 68 67 66 64 63 62 61 58 58 58 58 58 57 56 57 56 56 56 54 53 52 52 52 51 52 51 50 46 41 39 44 46 48 49 48 48 47 46 46 46 44 43 43 42 42 41 40 39 37 36 36 35 34 33 32 31 31 31 30 29
-9999 -9999 -9999 -9999 -9999 -9999 -9999 -9999 -9999 -9999 -9999 -9999 34 38 53 53 52 51 51 56 59 63 66 68 71 69 69 68 66 66 67 66 67 68 71 69 68 66 67 65 64 63 61 59 58 57 58 57 57 57 57 56 55 55 53 52 51 51 51 51 50 50 50 47 44 44 48 48 48 49 49 49 48 47 46 45 44 42 42 41 40 40 38 37 36 35 35 34 32 31 31 29 29 29 29 28
-9999 -9999 -9999 -9999 -9999 -9999 -9999 -9999 -9999 -9999 -9999 -9999 33 47 33 49 50 50 50 51 55 57 61 65 66 66 66 65 66 65 63 67 66 66 68 69 68 67 65 65 63 63 62 61 59 59 58 57 58 56 55 56 54 54 53 52 50 51 49 49 49 49 49 48 46 48 49 49 48 49 48 48 47 46 46 44 42 41 40 40 39 38 38 36 35 34 33 32 31 30 30 29 28 28 27 26
-9999 -9999 -9999 -9999 -9999 -9999 -9999 -9999 -9999 -9999 -9999 -9999 51 56 37 33 50 43 44 46 51 53 57 59 61 62 62 62 62 62 62 66 63 64 67 66 66 65 64 64 63 63 62 62 62 59 59 57 56 55 55 54 53 53 52 51 50 49 49 48 48 48 48 47 47 48 49 49 49 48 47 46 45 44 44 43 42 40 39 38 38 37 36 35 34 33 32 31 30 30 29 28 27 26 25 24
-9999 -9999 -9999 -9999 -9999 -9999 -9999 -9999 -9999 -9999 -9999 43 57 59 56 32 42 46 40 43 45 47 51 57 58 59 59 59 60 62 63 63 64 64 65 64 66 66 65 64 65 65 64 63 62 60 58 57 57 55 54 53 52 52 50 49 49 49 48 48 48 48 48 47 47 47 47 47 47 47 46 44 44 43 42 41 40 39 39 37 36 36 35 34 33 32 31 30 30 29 28 27 25 25 24 23
-9999 -9999 -9999 -9999 -9999 -9999 -9999 -9999 -9999 -9999 -9999 53 58 59 57 52 42 47 44 40 41 44 48 51 53 57 57 59 62 61 62 63 63 63 65 65 66 64 64 64 64 65 63 62 61 60 59 57 56 54 54 53 54 52 50 49 49 48 48 47 47 47 47 46 47 48 46 45 46 45 44 43 43 42 41 40 40 39 38 37 36 35 34 32 32 31 30 29 29 28 27 26 25 24 22 21
-9999 -9999 -9999 -9999 -9999 -9999 -9999 -9999 -9999 -9999 27 46 55 58 60 43 34 43 44 42 42 44 47 51 53 55 57 59 60 60 61 61 62 64 64 65 64 65 66 66 64 62 63 63 61 59 58 57 56 55 55 54 54 53 51 49 48 48 47 47 46 47 46 46 46 46 45 44 43 43 42 42 42 41 40 39 38 38 37 36 35 34 32 31 30 30 29 28 27 26 26 25 24 23 22 20
-9999 -9999 -9999 -9999 -9999 -9999 -9999 -9999 -9999 -9999 22 32 53 58 57 55 52 41 42 43 45 46 49 52 55 57 59 59 59 61 60 61 61 62 64 66 65 67 64 64 65 63 63 61 61 58 57 56 56 55 55 55 53 52 51 50 48 48 47 46 46 46 45 44 44 45 44 43 42 42 42 41 41 40 39 38 38 37 37 35 34 33 32 30 29 29 27 26 26 25 24 24 23 22 21 20
-9999 -9999 -9999 -9999 -9999 -9999 -9999 -9999 -9999 23 23 31 48 55 55 54 49 35 38 47 49 51 53 57 58 58 61 60 60 61 61 61 61 64 64 65 66 64 65 64 62 61 61 60 59 57 55 54 54 54 55 54 52 51 50 49 48 47 46 46 46 45 43 42 43 43 42 41 41 41 41 40 39 39 38 37 36 36 36 35 33 32 31 31 29 28 27 26 25 24 24 23 22 22 21 20
-9999 -9999 -9999 -9999 -9999 -9999 -9999 -9999 -9999 23 24 28 42 51 53 50 45 34 42 50 54 57 52 57 61 62 61 62 63 62 62 62 63 64 65 65 63 61 61 61 61 60 59 60 57 56 54 53 53 53 53 53 52 50 49 49 48 47 46 46 45 44 42 41 42 42 41 41 40 40 39 39 38 38 37 36 35 35 34 33 32 30 30 30 29 28 26 25 24 23 23 23 22 22 20 20
-9999 -9999 -9999 -9999 -9999 -9999 -9999 -9999 -9999 27 25 27 35 48 51 47 37 37 48 53 57 60 61 56 59 62 65 66 65 64 65 65 65 64 64 63 62 60 61 61 60 59 58 57 56 55 54 52 50 50 50 51 51 50 48 48 47 46 45 44 44 42 41 40 41 42 42 40 39 39 38 38 37 37 35 34 34 33 32 31 30 29 28 28 28 27 25 24 23 23 23 22 22 21 20 19
-9999 -9999 -9999 -9999 -9999 -9999 -9999 -9999 30 34 27 28 35 47 49 42 36 41 54 60 65 71 76 68 65 63 66 69 67 66 65 65 63 63 61 62 60 60 61 62 62 60 59 58 57 55 54 51 50 49 50 50 49 48 48 47 47 45 45 44 44 43 41 41 40 41 41 40 39 39 38 37 36 35 34 33 32 31 30 30 28 27 27 27 26 25 24 23 22 22 21 21 21 20 20 19
-9999 -9999 -9999 -9999 -9999 -9999 -9999 -9999 36 39 31 30 39 49 49 41 37 46 57 64 70 74 76 70 68 71 70 72 70 68 67 65 63 62 62 60 61 60 62 63 61 58 58 57 57 56 53 51 50 49 50 51 50 49 47 46 46 45 44 44 44 44 42 41 41 41 40 38 38 37 36 36 35 34 33 31 31 30 29 28 27 26 26 25 25 24 23 23 22 21 21 20 20 20 19 18
-9999 -9999 -9999 -9999 -9999 -9999 -9999 -9999 38 41 39 36 46 49 49 49 45 48 53 66 70 74 75 75 75 74 72 72 72 70 68 67 65 64 61 60 60 61 60 61 60 58 57 56 57 56 54 52 51 51 51 51 49 49 47 47 46 46 45 45 46 47 45 42 41 41 40 39 37 36 36 35 34 33 32 31 30 29 28 27 26 26 25 24 24 23 22 22 21 21 20 20 19 19 19 18
-9999 -9999 -9999 -9999 -9999 -9999 -9999 -9999 36 46 52 51 52 53 49 48 44 53 63 71 69 71 74 76 77 75 75 74 72 70 71 67 66 64 62 60 60 59 60 59 58 57 56 56 56 56 55 54 52 52 51 50 49 49 48 47 47 46 46 46 48 48 46 44 42 41 40 39 37 36 35 34 34 33 32 30 29 29 28 27 26 26 25 24 23 22 22 21 21 20 20 20 20 19 19 18
-9999 -9999 -9999 -9999 -9999 -9999 -9999 37 35 36 37 48 54 53 49 43 52 63 72 72 71 71 72 74 75 75 72 73 71 72 69 68 67 63 62 61 61 60 59 59 59 58 57 55 55 56 56 54 52 52 51 51 49 48 48 48 48 47 46 46 47 47 46 44 42 41 40 39 37 35 34 34 33 32 31 30 29 28 27 26 26 25 24 24 23 22 21 21 21 20 20 20 20 19 19 18
-9999 -9999 -9999 -9999 -9999 -9999 -9999 43 39 38 38 48 56 53 44 42 55 68 71 71 71 72 72 70 71 73 71 72 70 71 70 68 65 63 62 61 60 59 60 58 57 57 55 55 56 55 56 55 54 53 52 52 51 50 49 49 47 47 46 46 46 45 44 43 42 41 40 39 38 36 35 34 33 32 31 30 29 28 27 26 26 25 23 22 22 21 21 21 21 20 20 20 20 20 19 19
-9999 -9999 -9999 -9999 -9999 -9999 -9999 44 43 41 45 50 53 54 47 49 60 71 73 71 70 70 68 68 69 70 72 72 70 70 69 66 65 63 62 61 59 59 59 58 57 56 56 54 53 54 54 54 54 53 52 51 50 50 49 48 47 47 46 46 46 45 44 43 43 41 41 39 37 36 35 34 33 31 30 30 29 28 27 27 27 24 22 21 21 21 20 20 20 20 20 20 20 20 20 19
-9999 -9999 -9999 -9999 -9999 -9999 -9999 48 48 46 49 51 53 55 58 58 64 70 72 73 70 70 67 69 68 68 70 71 70 68 68 65 63 61 60 60 59 59 58 57 56 56 54 54 53 53 53 54 54 54 52 52 50 49 48 47 48 47 46 47 47 46 44 44 43 42 40 39 37 36 35 33 32 31 30 30 29 28 27 27 26 24 22 21 21 20 19 20 20 20 19 19 19 19 19 19
-9999 -9999 -9999 -9999 -9999 -9999 -9999 49 47 49 50 49 54 58 60 64 67 69 70 69 67 67 67 65 68 68 70 72 71 68 67 64 62 60 59 58 59 59 59 58 57 56 55 55 54 54 54 54 54 54 53 52 50 49 47 47 47 47 46 46 45 44 43 43 43 42 40 38 36 35 34 33 32 31 30 30 29 27 26 26 25 24 23 22 21 20 19 19 19 19 19 18 19 19 19 19
-9999 -9999 -9999 -9999 -9999 -9999 55 53 49 50 45 48 53 59 61 66 68 69 66 65 64 66 65 66 66 67 69 70 68 66 64 63 59 58 57 58 60 60 60 60 59 58 57 55 53 53 54 54 54 54 53 53 50 48 45 44 45 46 46 45 44 43 42 40 40 40 38 37 36 34 34 33 32 31 30 29 28 27 26 26 25 24 23 23 23 21 19 19 19 19 19 19 19 19 19 18
-9999 -9999 -9999 -9999 -9999 -9999 57 53 50 51 46 48 56 62 64 67 69 69 66 65 64 65 67 68 67 68 69 70 66 63 62 60 59 58 57 59 62 62 62 61 61 60 58 56 54 54 54 54 54 54 52 51 49 46 43 41 41 44 45 45 44 42 41 39 38 38 38 37 36 34 34 33 32 31 30 29 28 27 26 26 25 24 25 31 27 22 20 19 20 20 20 19 19 18 18 18
