Example_data/Species_1/M_variables/Set_1/bio_13.asc
ncols         249
nrows         150
xllcorner     -108.16666292027
yllcorner     24.666671082377
cellsize      0.16666667535901
NODATA_value  -9999
[rows 0 to 39 of 150, columns 0 to 90 of 249]
-9999 -9999 -9999 -9999 -9999 -9999 -9999 -9999 -9999 -9999 -9999 -9999 -9999 -9999 -9999 -9999 -9999 -9999 -9999 -9999 -9999 -9999 -9999 -9999 -9999 -9999 -9999 -9999 -9999 -9999 -9999 -9999 -9999 -9999 -9999 -9999 -9999 -9999 -9999 -9999 -9999 -9999 -9999 -9999 -9999 -9999 -9999 -9999 -9999 -9999 -9999 -9999 -9999 -9999 -9999 -9999 -9999 -9999 -9999 -9999 -9999 -9999 -9999 -9999 -9999 -9999 -9999 -9999 -9999 -9999 -9999 -9999 -9999 -9999 -9999 -9999 -9999 -9999 -9999 -9999 -9999 -9999 -9999 -9999 -9999 -9999 -9999 -9999 -9999 -9999 -9999
-9999 -9999 -9999 -9999 -9999 -9999 -9999 -9999 -9999 -9999 -9999 -9999 -9999 -9999 -9999 -9999 -9999 -9999 -9999 -9999 -9999 -9999 -9999 -9999 -9999 -9999 -9999 -9999 -9999 -9999 -9999 -9999 -9999 -9999 -9999 -9999 -9999 -9999 -9999 -9999 -9999 -9999 -9999 -9999 -9999 -9999 -9999 -9999 -9999 -9999 -9999 -9999 -9999 -9999 -9999 -9999 -9999 -9999 -9999 -9999 -9999 -9999 -9999 -9999 -9999 -9999 -9999 -9999 -9999 -9999 -9999 -9999 -9999 -9999 -9999 -9999 90 91 92 93 93 -9999 -9999 -9999 -9999 -9999 -9999 -9999 -9999 -9999 -9999
-9999 -9999 -9999 -9999 -9999 -9999 -9999 -9999 -9999 -9999 -9999 -9999 -9999 -9999 -9999 -9999 -9999 -9999 -9999 -9999 -9999 -9999 -9999 -9999 -9999 -9999 -9999 -9999 -9999 -9999 -9999 -9999 -9999 -9999 -9999 -9999 -9999 -9999 -9999 -9999 -9999 -9999 -9999 -9999 -9999 -9999 -9999 -9999 -9999 -9999 -9999 -9999 -9999 -9999 -9999 -9999 -9999 -9999 -9999 -9999 -9999 -9999 -9999 -9999 -9999 -9999 -9999 -9999 -9999 -9999 -9999 -9999 -9999 -9999 -9999 -9999 92 92 93 94 95 96 -9999 -9999 -9999 -9999 -9999 -9999 -9999 -9999 -9999
-9999 -9999 -9999 -9999 -9999 -9999 -9999 -9999 -9999 -9999 -9999 -9999 -9999 -9999 -9999 -9999 -9999 -9999 -9999 -9999 -9999 -9999 -9999 -9999 -9999 -9999 -9999 -9999 -9999 -9999 -9999 -9999 -9999 -9999 -9999 -9999 -9999 -9999 -9999 -9999 72 72 73 74 75 77 78 78 78 77 76 76 75 75 75 75 75 76 78 79 79 79 80 80 81 82 82 82 83 83 84 86 88 89 91 91 92 93 94 95 96 98 -9999 -9999 -9999 -9999 -9999 -9999 -9999 -9999 -9999
-9999 -9999 -9999 -9999 -9999 -9999 -9999 -9999 -9999 -9999 -9999 -9999 -9999 -9999 -9999 -9999 -9999 -9999 -9999 -9999 -9999 -9999 -9999 -9999 -9999 -9999 -9999 -9999 -9999 -9999 -9999 -9999 -9999 -9999 -9999 -9999 -9999 -9999 -9999 -9999 73 73 74 74 75 77 80 79 78 78 77 77 76 75 76 76 76 77 78 80 80 79 80 81 81 82 82 82 83 83 84 86 88 90 91 92 93 94 95 96 97 99 102 -9999 -9999 -9999 -9999 -9999 -9999 -9999 -9999
-9999 -9999 -9999 -9999 -9999 -9999 -9999 -9999 -9999 -9999 -9999 -9999 -9999 -9999 -9999 -9999 -9999 -9999 -9999 -9999 -9999 -9999 -9999 -9999 -9999 -9999 -9999 -9999 -9999 -9999 -9999 -9999 -9999 -9999 -9999 -9999 -9999 -9999 -9999 75 75 75 75 75 76 77 77 77 75 75 76 76 76 76 76 77 77 78 79 81 81 81 81 81 82 82 82 82 83 84 86 87 89 92 93 94 95 96 97 97 98 100 104 105 106 107 106 105 104 103 104
-9999 -9999 -9999 -9999 -9999 -9999 -9999 -9999 -9999 -9999 -9999 -9999 -9999 -9999 -9999 -9999 -9999 -9999 -9999 -9999 -9999 -9999 -9999 -9999 -9999 -9999 -9999 -9999 -9999 -9999 -9999 -9999 -9999 -9999 -9999 -9999 -9999 -9999 -9999 78 77 76 76 76 76 76 77 76 75 75 75 76 76 76 77 78 78 78 79 81 82 82 82 82 83 83 82 82 83 86 87 89 91 93 94 95 96 97 98 98 99 101 104 105 107 107 106 105 104 103 104
-9999 -9999 -9999 -9999 -9999 -9999 -9999 -9999 -9999 -9999 -9999 -9999 -9999 -9999 -9999 -9999 -9999 -9999 -9999 -9999 -9999 -9999 -9999 -9999 -9999 -9999 -9999 -9999 -9999 -9999 -9999 -9999 -9999 -9999 -9999 -9999 -9999 -9999 -9999 80 79 78 77 77 77 76 76 76 75 75 76 76 76 77 78 79 79 79 79 81 82 82 83 83 83 83 83 83 83 86 88 90 92 93 94 95 96 97 98 98 100 102 104 105 106 106 106 105 104 104 105
-9999 -9999 -9999 -9999 -9999 -9999 -9999 -9999 -9999 -9999 -9999 -9999 -9999 -9999 -9999 -9999 -9999 -9999 -9999 -9999 -9999 -9999 -9999 -9999 -9999 -9999 -9999 -9999 -9999 -9999 -9999 -9999 -9999 -9999 -9999 -9999 -9999 -9999 86 83 81 79 79 78 77 77 76 76 76 76 77 78 78 79 80 81 81 81 81 81 83 83 83 83 84 84 83 83 84 86 89 91 93 94 94 95 96 97 98 98 100 101 103 104 105 106 105 105 105 105 106
-9999 -9999 -9999 -9999 -9999 -9999 -9999 -9999 -9999 -9999 -9999 -9999 -9999 -9999 -9999 -9999 -9999 -9999 -9999 -9999 -9999 -9999 -9999 -9999 -9999 -9999 -9999 -9999 -9999 -9999 -9999 -9999 -9999 -9999 -9999 -9999 -9999 -9999 85 85 83 81 80 79 78 77 77 77 77 78 79 80 80 81 82 84 83 83 83 83 83 84 83 84 84 84 84 85 85 87 90 92 93 94 94 96 96 97 97 98 99 101 102 103 104 105 105 105 105 105 106
-9999 -9999 -9999 -9999 -9999 -9999 -9999 -9999 -9999 -9999 -9999 -9999 -9999 -9999 -9999 -9999 -9999 -9999 -9999 -9999 -9999 -9999 -9999 -9999 -9999 -9999 -9999 -9999 -9999 -9999 -9999 -9999 -9999 -9999 -9999 -9999 -9999 -9999 86 85 84 84 83 81 79 78 78 78 79 80 80 81 82 83 84 85 85 85 84 84 84 85 84 84 86 85 85 86 87 89 91 94 95 95 95 96 97 97 97 97 99 100 102 103 104 104 104 105 105 105 106
-9999 -9999 -9999 -9999 -9999 -9999 -9999 -9999 -9999 -9999 -9999 -9999 -9999 -9999 -9999 -9999 -9999 -9999 -9999 -9999 -9999 -9999 -9999 -9999 -9999 -9999 -9999 -9999 -9999 -9999 -9999 -9999 -9999 -9999 -9999 -9999 -9999 86 86 85 83 84 84 84 82 81 80 80 80 81 82 83 84 85 86 86 86 86 85 84 85 85 85 85 86 87 87 88 88 90 93 96 97 97 99 99 99 99 98 99 99 100 101 102 103 104 104 104 105 105 106
-9999 -9999 -9999 -9999 -9999 -9999 -9999 -9999 -9999 -9999 -9999 -9999 -9999 -9999 -9999 -9999 -9999 -9999 -9999 -9999 -9999 -9999 -9999 -9999 -9999 -9999 -9999 -9999 -9999 -9999 -9999 -9999 -9999 -9999 -9999 -9999 -9999 86 85 84 83 84 85 85 84 84 83 83 83 83 84 85 86 86 87 87 87 87 86 85 85 86 86 85 87 88 89 89 90 92 95 97 99 100 102 102 102 102 101 100 100 101 101 103 105 105 105 105 104 105 106
-9999 -9999 -9999 -9999 -9999 -9999 -9999 -9999 -9999 -9999 -9999 -9999 -9999 -9999 -9999 -9999 -9999 -9999 -9999 -9999 -9999 -9999 -9999 -9999 -9999 -9999 -9999 -9999 -9999 -9999 -9999 -9999 -9999 -9999 -9999 -9999 -9999 87 86 85 84 85 87 86 85 85 85 84 84 85 85 86 87 87 88 88 88 87 87 86 86 86 86 86 87 88 89 89 91 93 96 98 100 102 104 105 105 105 103 102 102 101 102 104 106 107 107 107 105 105 106
-9999 -9999 -9999 -9999 -9999 -9999 -9999 -9999 -9999 -9999 -9999 -9999 -9999 -9999 -9999 -9999 -9999 -9999 -9999 -9999 -9999 -9999 -9999 -9999 -9999 -9999 -9999 -9999 -9999 -9999 -9999 -9999 -9999 -9999 -9999 -9999 -9999 86 86 85 84 84 85 85 85 85 85 85 85 85 86 87 88 89 88 88 88 88 87 87 86 86 85 85 86 87 87 88 90 94 96 98 101 103 106 108 108 108 106 105 103 103 103 105 106 106 107 107 106 105 105
-9999 -9999 -9999 -9999 -9999 -9999 -9999 -9999 -9999 -9999 -9999 -9999 -9999 -9999 -9999 -9999 -9999 -9999 -9999 -9999 -9999 -9999 -9999 -9999 -9999 -9999 -9999 -9999 -9999 -9999 -9999 -9999 -9999 -9999 -9999 -9999 -9999 87 87 85 84 83 83 83 85 84 84 84 84 84 85 86 87 88 88 88 88 88 88 87 87 86 85 85 85 85 85 87 89 92 95 98 101 104 107 108 109 109 108 107 106 104 103 105 105 105 107 107 106 105 105
-9999 -9999 -9999 -9999 -9999 -9999 -9999 -9999 -9999 -9999 -9999 -9999 -9999 -9999 -9999 -9999 -9999 -9999 -9999 -9999 -9999 -9999 -9999 -9999 -9999 -9999 -9999 -9999 -9999 -9999 -9999 -9999 -9999 -9999 -9999 -9999 -9999 87 86 85 83 82 82 81 81 81 82 83 84 84 84 86 87 88 88 88 89 89 89 89 87 87 85 84 84 83 84 85 87 90 94 97 101 104 107 109 110 110 109 107 106 105 104 104 105 105 106 107 107 107 106
-9999 -9999 -9999 -9999 -9999 -9999 -9999 -9999 -9999 -9999 -9999 -9999 -9999 -9999 -9999 -9999 -9999 -9999 -9999 -9999 -9999 -9999 -9999 -9999 -9999 -9999 -9999 -9999 -9999 -9999 -9999 -9999 -9999 -9999 -9999 -9999 88 87 86 84 83 82 80 79 77 79 81 83 83 83 84 86 87 87 88 88 89 89 90 90 89 87 86 84 83 82 83 85 87 90 93 97 101 104 107 109 110 110 109 108 107 106 105 105 105 105 106 106 107 108 107
-9999 -9999 -9999 -9999 -9999 -9999 -9999 -9999 -9999 -9999 -9999 -9999 -9999 -9999 -9999 -9999 -9999 -9999 -9999 -9999 -9999 -9999 -9999 -9999 -9999 -9999 -9999 -9999 -9999 -9999 -9999 -9999 -9999 -9999 -9999 -9999 87 86 85 84 82 81 80 79 78 77 80 82 83 84 85 85 86 87 88 88 88 89 91 91 90 88 86 84 83 83 84 85 87 90 93 97 101 104 107 109 110 110 110 108 107 106 105 104 104 105 106 107 108 108 108
-9999 -9999 -9999 -9999 -9999 -9999 -9999 -9999 -9999 -9999 -9999 -9999 -9999 -9999 -9999 -9999 -9999 -9999 -9999 -9999 -9999 -9999 -9999 -9999 -9999 -9999 -9999 -9999 -9999 -9999 -9999 -9999 -9999 -9999 -9999 -9999 87 86 85 85 83 80 79 78 76 76 79 81 83 84 85 85 86 87 88 88 88 89 91 91 90 88 87 85 84 83 84 86 88 91 93 97 100 104 106 108 109 110 109 107 106 105 104 104 105 106 107 108 109 109 109
-9999 -9999 -9999 -9999 -9999 -9999 -9999 -9999 -9999 -9999 -9999 -9999 -9999 -9999 -9999 -9999 -9999 -9999 -9999 -9999 -9999 -9999 -9999 -9999 -9999 -9999 -9999 -9999 -9999 -9999 -9999 -9999 -9999 -9999 -9999 -9999 87 86 85 83 82 80 77 76 74 74 76 79 82 84 85 86 87 87 88 88 88 89 90 91 90 89 88 86 85 84 85 87 89 92 94 96 99 102 104 106 108 109 108 107 105 105 104 104 106 108 109 110 111 110 110
-9999 -9999 -9999 -9999 -9999 -9999 -9999 -9999 -9999 -9999 -9999 -9999 -9999 -9999 -9999 -9999 -9999 -9999 -9999 -9999 -9999 -9999 -9999 -9999 -9999 -9999 -9999 -9999 -9999 -9999 -9999 -9999 -9999 -9999 -9999 -9999 85 85 84 82 80 79 78 77 73 72 76 80 82 85 86 87 87 87 88 88 88 90 90 90 89 89 88 87 86 85 86 88 89 92 94 95 98 100 101 103 105 106 106 106 105 104 103 105 107 110 111 112 111 110 110
-9999 -9999 -9999 -9999 -9999 -9999 -9999 -9999 -9999 -9999 -9999 -9999 -9999 -9999 -9999 -9999 -9999 -9999 -9999 -9999 -9999 -9999 -9999 -9999 -9999 -9999 -9999 -9999 -9999 -9999 -9999 -9999 -9999 -9999 -9999 -9999 84 84 82 81 80 79 78 77 76 74 76 79 81 84 85 86 87 87 88 88 88 89 89 89 89 89 89 88 88 86 86 87 89 91 93 94 95 96 96 98 101 103 104 105 105 105 105 107 109 112 113 113 111 110 110
-9999 -9999 -9999 -9999 -9999 -9999 -9999 -9999 -9999 -9999 -9999 -9999 -9999 -9999 -9999 -9999 -9999 -9999 -9999 -9999 -9999 -9999 -9999 -9999 -9999 -9999 -9999 -9999 -9999 -9999 -9999 -9999 -9999 -9999 -9999 -9999 81 80 80 79 78 78 77 77 76 76 77 79 80 82 84 86 87 88 88 87 87 87 87 87 87 88 88 89 89 87 85 85 88 90 92 92 92 91 89 90 94 98 102 104 107 108 108 110 112 114 114 113 112 111 111
-9999 -9999 -9999 -9999 -9999 -9999 -9999 -9999 -9999 -9999 -9999 -9999 -9999 -9999 -9999 -9999 -9999 -9999 -9999 -9999 -9999 -9999 -9999 -9999 -9999 -9999 -9999 -9999 -9999 -9999 -9999 -9999 -9999 -9999 -9999 -9999 79 78 78 78 79 79 78 77 77 76 77 78 80 82 84 85 86 87 87 87 87 87 86 86 86 87 88 89 88 88 86 85 87 90 91 92 90 86 84 82 84 92 100 105 109 111 112 113 114 114 114 113 113 112 112
-9999 -9999 -9999 -9999 -9999 -9999 -9999 -9999 -9999 -9999 -9999 -9999 -9999 -9999 -9999 -9999 -9999 -9999 -9999 -9999 -9999 -9999 -9999 -9999 -9999 -9999 -9999 -9999 -9999 -9999 -9999 -9999 -9999 -9999 -9999 -9999 78 78 78 79 79 79 79 79 77 77 77 78 80 81 83 85 86 87 87 87 86 86 86 85 86 87 88 88 88 88 88 86 88 90 91 91 88 86 84 82 84 87 100 108 111 113 114 114 113 113 113 113 113 113 113
-9999 -9999 -9999 -9999 -9999 -9999 -9999 -9999 -9999 -9999 -9999 -9999 -9999 -9999 -9999 -9999 -9999 -9999 -9999 -9999 -9999 -9999 -9999 -9999 -9999 -9999 -9999 -9999 -9999 -9999 -9999 -9999 -9999 -9999 -9999 -9999 76 77 77 78 78 79 78 77 77 77 77 77 79 80 81 83 85 85 86 86 86 86 86 85 85 87 88 89 89 89 90 90 91 92 92 91 88 86 84 83 84 88 102 110 113 114 114 113 112 112 112 112 112 112 113
-9999 -9999 -9999 -9999 -9999 -9999 -9999 -9999 -9999 -9999 -9999 -9999 -9999 -9999 -9999 -9999 -9999 -9999 -9999 -9999 -9999 -9999 -9999 -9999 -9999 -9999 -9999 -9999 -9999 -9999 -9999 -9999 -9999 -9999 78 77 77 78 78 79 79 79 79 79 79 78 77 77 78 79 80 82 83 84 84 84 84 85 85 84 85 87 90 90 91 92 93 94 94 93 92 92 90 86 86 86 86 91 104 110 113 114 114 112 110 110 111 112 111 111 112
-9999 -9999 -9999 -9999 -9999 -9999 -9999 -9999 -9999 -9999 -9999 -9999 -9999 -9999 -9999 -9999 -9999 -9999 -9999 -9999 -9999 -9999 -9999 -9999 -9999 -9999 -9999 -9999 -9999 -9999 -9999 -9999 80 79 79 78 77 78 78 79 79 78 77 77 77 77 77 77 77 77 79 80 80 82 82 82 83 83 83 84 85 88 91 93 94 95 96 97 96 95 93 92 91 90 89 88 88 94 103 108 111 112 112 110 108 109 110 110 109 107 110
-9999 -9999 -9999 -9999 -9999 -9999 -9999 -9999 -9999 -9999 -9999 -9999 -9999 -9999 -9999 -9999 -9999 -9999 -9999 -9999 -9999 -9999 -9999 -9999 -9999 -9999 -9999 -9999 -9999 -9999 -9999 81 81 80 78 77 77 77 76 77 76 75 75 76 76 77 78 78 78 78 78 78 79 79 80 80 81 82 83 84 86 88 92 94 95 97 98 98 97 96 95 93 92 91 91 90 91 96 101 106 108 109 110 109 109 109 109 108 107 107 108
-9999 -9999 -9999 -9999 -9999 -9999 -9999 -9999 -9999 -9999 -9999 -9999 -9999 -9999 -9999 -9999 -9999 -9999 -9999 -9999 -9999 -9999 -9999 -9999 -9999 -9999 -9999 -9999 -9999 -9999 82 80 81 81 79 77 76 76 75 75 75 75 76 77 78 77 78 79 79 78 78 78 79 78 78 79 80 82 83 85 86 89 92 95 97 98 99 99 99 98 97 95 93 92 92 92 93 96 100 104 106 108 109 109 109 108 107 105 105 106 106
-9999 -9999 -9999 -9999 -9999 -9999 -9999 -9999 -9999 -9999 -9999 -9999 -9999 -9999 -9999 -9999 -9999 -9999 -9999 -9999 -9999 -9999 -9999 -9999 -9999 -9999 -9999 -9999 90 84 81 79 78 76 75 75 75 76 77 77 77 77 77 78 79 79 79 81 80 79 78 79 80 79 79 79 80 82 84 85 87 89 92 96 98 100 100 100 99 99 99 97 96 94 93 93 94 95 98 101 104 107 109 109 109 108 105 106 107 106 107
-9999 -9999 -9999 -9999 -9999 -9999 -9999 -9999 -9999 -9999 -9999 -9999 -9999 -9999 -9999 -9999 -9999 -9999 -9999 -9999 -9999 -9999 -9999 -9999 -9999 -9999 -9999 102 95 86 83 80 78 76 75 77 77 78 78 78 77 77 77 78 79 80 81 81 80 78 78 78 78 79 79 80 82 83 84 86 87 89 92 96 98 99 100 100 99 99 99 99 98 96 95 94 94 95 96 99 102 106 108 109 109 108 107 107 107 108 109
-9999 -9999 -9999 -9999 -9999 -9999 -9999 -9999 -9999 -9999 -9999 -9999 -9999 -9999 -9999 -9999 -9999 -9999 -9999 -9999 -9999 -9999 -9999 -9999 -9999 -9999 98 100 97 86 82 81 79 77 75 78 78 78 78 77 77 77 78 79 80 82 82 82 80 79 78 78 78 79 79 80 83 85 86 87 88 89 92 94 96 97 98 99 99 99 100 100 100 98 97 96 96 97 98 99 102 105 107 109 109 108 107 108 108 108 110
-9999 -9999 -9999 -9999 -9999 -9999 -9999 -9999 -9999 -9999 -9999 -9999 -9999 -9999 -9999 -9999 -9999 -9999 -9999 -9999 -9999 -9999 -9999 -9999 -9999 92 96 96 95 86 81 79 77 76 76 78 77 78 79 79 79 80 80 82 83 83 83 82 81 80 81 81 81 81 81 82 85 87 87 88 89 90 92 94 95 96 97 98 98 99 100 101 100 100 99 99 99 99 101 102 103 105 108 111 111 111 109 109 109 109 110
-9999 -9999 -9999 -9999 -9999 -9999 -9999 -9999 -9999 -9999 -9999 -9999 -9999 -9999 -9999 -9999 -9999 -9999 -9999 -9999 -9999 -9999 -9999 -9999 74 83 89 91 90 82 80 78 76 77 77 76 76 77 78 79 80 81 82 82 82 82 82 82 82 82 82 83 83 84 85 87 88 89 90 90 90 91 92 93 95 96 97 98 98 99 101 101 101 102 101 101 101 102 103 104 105 107 109 113 115 114 113 112 111 109 110
-9999 -9999 -9999 -9999 -9999 -9999 -9999 -9999 -9999 -9999 -9999 -9999 -9999 -9999 -9999 -9999 -9999 -9999 -9999 -9999 -9999 -9999 -9999 64 68 74 80 84 82 80 78 78 78 77 76 77 79 79 80 82 83 83 84 83 83 83 82 82 83 84 85 86 86 88 89 90 91 92 93 93 92 91 92 93 94 96 97 98 98 100 101 102 103 103 103 103 104 104 106 107 107 108 109 112 115 115 115 115 114 111 110
-9999 -9999 -9999 -9999 -9999 -9999 -9999 -9999 -9999 -9999 -9999 -9999 -9999 -9999 -9999 -9999 -9999 -9999 -9999 -9999 -9999 -9999 63 64 66 69 74 77 77 76 77 78 77 77 79 80 82 82 83 85 85 85 85 84 83 83 84 84 85 87 88 89 90 91 92 93 94 95 95 95 93 92 92 93 94 96 97 99 100 101 103 104 105 104 104 105 105 106 107 109 109 109 110 111 113 115 116 117 116 113 111
-9999 -9999 -9999 -9999 -9999 -9999 -9999 -9999 -9999 -9999 -9999 -9999 -9999 -9999 -9999 -9999 -9999 -9999 -9999 -9999 -9999 64 64 65 67 68 70 71 73 75 76 76 77 80 81 83 84 85 85 85 86 87 86 84 84 83 84 86 87 89 90 91 93 94 94 95 96 97 97 95 94 92 91 92 94 96 98 100 101 102 104 105 105 104 105 106 106 106 107 109 109 110 111 112 112 114 116 118 118 117 115
-9999 -9999 -9999 -9999 -9999 -9999 -9999 -9999 -9999 -9999 -9999 -9999 -9999 -9999 -9999 -9999 -9999 -9999 -9999 -9999 -9999 66 66 67 68 69 70 71 73 74 75 76 78 80 82 83 84 85 86 86 86 86 84 84 83 83 84 86 87 88 89 91 93 95 96 97 97 98 97 95 93 90 89 90 93 96 99 102 103 104 104 106 107 106 107 109 109 108 108 109 109 110 113 114 115 115 117 119 120 120 118
