Example_data/Species_1/M_variables/Set_1/bio_16.asc
ncols         249
nrows         150
xllcorner     -108.16666292027
yllcorner     24.666671082377
cellsize      0.16666667535901
NODATA_value  -9999
[rows 78 to 116 of 150, columns 89 to 177 of 249]
339 333 333 327 325 329 330 336 343 345 344 348 351 359 364 366 366 368 371 377 377 379 385 386 384 384 383 387 386 384 379 376 374 374 371 367 367 367 367 368 371 376 381 381 378 377 371 366 363 366 372 372 370 373 372 366 375 369 361 355 345 336 328 322 318 319 326 331 350 360 377 350 339 329 327 327 332 344 345 334 323 311 306 304 304 303 304 303 300
347 343 335 333 333 336 336 341 347 347 345 352 357 361 364 367 369 374 381 383 381 380 381 385 388 383 384 385 384 383 381 379 383 380 376 375 370 370 366 364 364 369 376 381 387 383 378 380 379 376 382 378 377 380 382 369 363 356 353 347 338 328 319 321 323 321 328 351 360 375 383 367 361 345 333 328 331 335 335 325 315 311 310 310 310 313 313 312 312
355 349 343 343 340 342 343 348 352 354 354 357 361 364 364 369 377 382 386 388 382 378 379 382 385 385 386 387 384 383 382 386 389 392 389 386 377 369 362 350 350 362 376 386 387 389 391 392 395 399 392 386 388 396 389 361 354 351 347 338 332 323 320 322 326 339 348 368 379 393 387 369 345 337 332 329 326 325 322 316 316 315 316 316 317 320 319 319 321
363 356 353 351 350 354 357 353 356 360 361 362 367 368 366 373 385 387 388 386 381 378 378 382 386 388 390 388 387 385 388 392 398 401 399 395 387 379 367 353 346 363 388 399 396 395 398 403 413 411 403 396 390 396 378 360 352 342 339 338 330 326 321 331 349 356 371 402 402 383 367 349 347 346 336 328 321 318 314 314 316 318 321 322 324 325 323 321 325
374 366 364 357 366 370 370 368 367 366 370 370 370 372 372 377 385 388 387 383 380 381 384 385 389 390 392 392 391 388 393 396 401 403 403 400 398 394 382 371 364 372 392 406 407 400 399 404 417 415 413 407 388 381 377 368 353 342 338 340 342 334 331 325 355 366 374 380 381 351 343 346 343 337 328 323 318 314 313 314 319 324 328 329 329 329 324 323 325
378 382 381 385 382 387 390 390 384 376 374 374 373 374 377 379 382 386 387 384 384 388 394 396 395 396 394 395 393 392 396 401 406 409 407 405 404 403 394 388 383 386 400 408 406 399 402 412 418 414 414 397 397 393 387 380 371 371 367 372 404 369 370 324 316 384 411 363 352 343 342 336 333 328 322 316 312 311 314 320 324 332 335 339 339 336 333 333 334
373 375 380 387 388 393 395 395 396 393 388 380 378 378 380 383 384 387 388 387 391 396 398 401 401 400 399 398 397 398 400 404 412 416 419 416 413 409 401 395 394 400 409 412 407 407 423 424 411 418 404 402 408 407 399 398 420 438 458 467 445 418 364 341 322 356 365 357 356 362 350 337 327 323 315 313 313 316 322 329 335 340 342 347 348 348 351 350 353
367 366 371 378 388 397 401 404 401 397 397 389 384 382 384 388 387 389 389 391 396 401 402 403 403 400 403 405 406 408 408 411 417 423 423 423 424 417 411 407 406 408 414 419 424 435 435 425 425 410 403 408 413 416 417 449 449 448 434 435 425 465 451 423 360 369 370 355 352 352 341 332 322 315 310 310 315 323 334 339 346 349 352 356 362 366 369 369 373
375 373 373 376 382 389 396 403 404 404 401 397 392 389 390 393 392 393 392 392 396 402 404 406 408 407 406 413 418 418 417 420 423 428 425 422 422 414 413 411 410 413 422 427 435 443 439 428 426 405 407 408 418 430 446 475 478 482 490 452 473 481 503 451 425 399 383 365 354 346 338 333 328 322 316 312 319 329 339 346 351 359 364 370 375 384 387 387 392
383 382 389 381 382 385 393 397 400 403 404 401 397 394 395 399 398 398 396 395 398 403 406 410 413 417 416 419 423 424 423 426 427 425 419 420 419 416 412 413 413 415 427 442 445 440 426 431 413 412 413 413 437 449 451 446 460 492 523 495 527 530 489 481 428 400 387 371 359 353 346 340 336 330 322 321 328 337 345 351 358 367 373 379 386 395 400 401 406
402 403 407 400 394 389 392 395 397 401 401 400 396 397 400 404 405 405 403 406 408 408 411 416 422 426 424 424 421 425 426 424 422 414 412 413 416 415 418 417 414 421 437 445 440 435 440 432 416 417 415 424 472 462 460 460 471 497 513 511 498 476 436 425 410 396 376 363 357 353 347 342 340 334 332 334 340 347 351 361 366 374 381 385 392 398 403 408 416
423 427 423 415 407 399 390 389 393 397 398 397 396 399 404 410 411 414 414 416 414 410 418 424 428 431 430 429 426 428 429 425 421 412 407 410 413 416 415 415 419 423 435 438 436 446 442 440 425 424 414 424 461 473 483 491 496 504 495 485 456 440 420 407 394 382 370 361 358 356 352 344 340 338 340 343 347 353 358 365 373 378 380 389 396 401 408 412 422
427 432 427 418 409 402 392 388 390 393 396 393 395 400 405 410 414 416 417 420 418 418 422 427 433 434 431 429 427 428 432 433 431 427 418 419 419 418 415 416 419 421 428 431 442 444 445 439 427 426 415 419 447 472 487 485 481 481 469 454 425 414 400 384 376 371 364 361 358 357 352 345 340 342 345 350 351 356 364 371 377 379 384 391 398 404 409 417 427
433 429 421 413 405 400 394 391 390 392 392 390 396 401 404 407 409 412 413 419 421 422 427 434 436 433 429 417 423 430 437 440 442 440 438 431 426 420 420 423 426 424 422 432 437 437 437 427 427 419 416 415 442 455 465 467 460 454 440 421 406 400 388 373 365 363 357 355 354 354 350 342 338 343 346 348 354 360 369 376 380 384 389 396 404 410 415 423 436
425 418 410 408 398 395 393 393 391 389 389 392 395 400 403 405 405 409 412 416 422 427 430 435 437 432 422 406 420 432 438 444 449 447 447 437 432 433 434 433 429 424 425 429 431 435 428 426 421 415 409 409 429 437 443 445 438 426 413 403 393 388 381 368 361 357 354 350 349 349 347 341 343 354 359 357 360 369 374 380 386 389 398 407 415 422 425 432 443
410 404 401 398 393 388 388 390 389 387 388 390 394 397 402 407 408 412 414 419 424 430 434 434 430 427 422 412 417 428 437 443 446 445 443 440 437 436 433 430 430 428 428 427 431 434 432 429 422 412 404 401 409 417 425 425 419 405 396 390 384 374 372 365 359 355 352 351 350 349 346 351 360 367 373 372 373 382 385 388 392 396 406 417 426 432 436 443 450
398 394 388 386 385 382 384 386 389 387 384 387 391 394 401 412 416 417 418 420 425 429 431 426 423 422 421 417 418 426 433 440 443 445 446 443 441 436 431 428 429 435 430 425 428 434 437 437 427 422 415 407 403 403 408 409 405 395 388 379 375 371 366 362 355 352 352 352 351 354 358 369 378 381 382 384 384 393 394 398 402 407 416 425 434 440 446 451 460
386 382 380 377 379 380 383 384 387 388 383 382 388 392 403 418 421 421 420 418 420 420 422 421 421 423 421 420 423 425 435 442 448 450 451 447 443 437 428 421 431 431 428 427 427 437 444 438 433 427 416 409 399 394 395 396 392 387 380 375 370 371 366 362 358 353 351 350 353 354 365 376 388 393 390 390 391 397 402 407 412 418 426 435 443 449 452 455 461
378 375 373 372 374 377 381 386 388 389 385 383 387 390 401 412 417 418 417 414 420 421 422 425 426 425 422 426 429 430 437 446 453 451 450 449 444 437 423 417 427 432 431 430 433 439 445 443 436 423 415 403 398 390 388 387 384 382 376 372 368 371 367 365 360 356 350 346 347 357 370 380 389 393 396 397 398 403 410 418 425 430 437 445 452 454 455 -9999 -9999
371 370 372 372 372 375 382 386 389 391 388 392 393 391 399 406 413 417 416 417 423 425 425 425 427 427 426 430 432 432 442 447 451 447 444 445 443 439 427 422 431 434 437 441 451 457 451 446 441 424 411 407 399 393 390 387 380 379 372 370 367 367 366 367 363 355 349 340 338 358 371 382 390 398 402 405 410 417 424 433 438 442 448 455 463 462 -9999 -9999 -9999
363 367 373 375 376 376 381 388 393 394 395 399 400 398 400 408 416 420 419 421 426 429 430 430 429 428 431 431 432 433 438 446 446 441 437 440 442 445 440 437 435 440 444 455 461 460 453 451 439 424 414 409 401 396 391 387 382 377 372 366 363 363 362 360 358 350 342 338 344 358 374 386 397 408 411 418 425 434 444 448 452 454 459 465 469 468 -9999 -9999 -9999
357 365 371 376 379 382 385 391 398 399 399 404 406 403 404 409 418 422 423 426 428 429 432 432 431 433 433 430 430 433 437 442 442 436 433 436 441 448 451 447 439 441 452 456 456 459 451 446 433 422 416 411 403 399 393 389 381 374 370 366 361 361 357 355 348 341 340 345 354 366 379 395 408 419 427 434 443 452 458 461 459 460 465 469 471 -9999 -9999 -9999 -9999
355 363 370 376 382 385 387 389 399 403 404 407 410 410 408 411 416 423 426 428 428 428 427 428 430 432 431 433 430 431 435 437 437 432 435 437 436 444 449 446 438 440 449 455 453 454 452 446 426 415 413 411 405 398 391 384 375 367 362 361 360 356 354 352 344 340 348 354 362 374 387 403 420 433 442 453 458 464 467 466 461 462 465 -9999 -9999 -9999 -9999 -9999 -9999
355 361 370 378 383 385 385 386 399 404 408 413 417 419 417 415 414 418 419 420 422 422 422 425 430 433 436 433 433 434 434 434 432 433 435 438 438 442 443 441 436 433 441 451 450 452 451 443 420 404 401 399 395 388 379 373 366 355 348 354 358 356 352 348 341 350 359 364 371 385 397 412 431 446 458 466 469 470 471 467 462 461 -9999 -9999 -9999 -9999 -9999 -9999 -9999
363 371 377 385 388 389 386 387 396 404 410 416 421 423 420 415 412 407 405 409 413 418 421 426 432 435 434 434 436 436 435 435 432 431 433 435 434 432 433 430 423 418 421 437 445 444 440 432 411 387 376 377 380 382 373 365 362 351 342 351 357 354 349 345 344 355 368 377 385 394 408 423 441 457 469 476 477 475 473 469 465 -9999 -9999 -9999 -9999 -9999 -9999 -9999 -9999
367 379 388 393 396 397 393 392 398 406 412 418 424 423 418 417 408 400 393 403 409 419 427 431 435 435 434 433 440 440 440 438 437 437 437 432 424 414 413 414 407 390 399 421 428 430 424 413 393 369 353 358 376 378 370 362 359 352 346 349 351 350 346 339 348 360 372 385 395 405 417 434 451 467 478 485 486 482 475 -9999 -9999 -9999 -9999 -9999 -9999 -9999 -9999 -9999 -9999
364 380 394 401 406 404 402 400 405 410 415 420 423 424 423 417 412 403 395 404 416 426 433 437 439 438 435 438 447 451 449 445 442 441 438 433 422 412 412 411 412 400 402 413 418 416 413 403 388 370 354 361 376 379 373 363 358 354 351 348 348 346 343 342 349 366 380 395 404 415 429 445 463 475 485 489 488 485 -9999 -9999 -9999 -9999 -9999 -9999 -9999 -9999 -9999 -9999 -9999
367 380 397 414 423 419 416 414 412 413 418 422 423 425 427 424 419 414 411 417 424 432 439 440 443 442 440 444 456 463 457 451 448 446 440 435 428 421 418 423 424 418 414 418 416 411 410 401 393 383 377 379 383 384 376 367 357 355 354 351 349 351 351 352 358 375 390 403 415 426 439 454 471 487 492 493 -9999 -9999 -9999 -9999 -9999 -9999 -9999 -9999 -9999 -9999 -9999 -9999 -9999
371 382 399 415 423 426 427 427 422 420 422 424 425 431 430 429 428 429 429 429 435 440 441 441 440 437 443 448 458 463 461 456 454 452 446 441 440 434 434 438 439 432 425 417 411 408 407 406 401 396 392 391 391 386 376 367 360 357 357 355 354 361 366 370 378 391 403 415 427 438 448 461 483 496 500 -9999 -9999 -9999 -9999 -9999 -9999 -9999 -9999 -9999 -9999 -9999 -9999 -9999 -9999
380 387 401 414 421 425 432 433 428 426 426 431 434 435 436 437 439 437 439 441 444 444 441 437 436 435 441 447 456 465 462 459 461 464 457 450 446 448 448 446 443 439 432 420 411 408 408 410 409 401 401 400 396 389 377 366 361 362 358 358 365 373 383 394 400 411 422 434 443 452 459 473 490 499 -9999 -9999 -9999 -9999 -9999 -9999 -9999 -9999 -9999 -9999 -9999 -9999 -9999 -9999 -9999
389 396 404 410 417 421 427 431 430 431 432 438 444 441 443 443 444 445 446 447 449 449 444 443 438 438 442 448 458 465 463 461 463 467 459 456 457 460 457 453 448 444 438 426 414 409 405 407 414 405 405 404 398 389 378 367 365 364 362 366 376 390 404 414 420 427 438 450 463 468 470 485 497 502 -9999 -9999 -9999 -9999 -9999 -9999 -9999 -9999 -9999 -9999 -9999 -9999 -9999 -9999 -9999
396 406 413 413 410 417 420 429 433 434 436 441 445 445 445 446 448 448 452 453 453 454 454 447 444 444 447 450 454 461 460 457 459 461 458 461 461 461 462 454 450 445 441 430 416 401 392 394 407 407 407 404 398 392 385 379 379 375 372 379 389 402 419 430 436 442 451 465 481 483 481 495 503 -9999 -9999 -9999 -9999 -9999 -9999 -9999 -9999 -9999 -9999 -9999 -9999 -9999 -9999 -9999 -9999
403 412 419 420 417 422 427 432 434 437 438 444 450 451 451 451 450 448 451 457 456 455 456 453 451 448 449 449 446 451 453 452 451 453 457 458 458 457 454 447 443 438 433 423 411 395 392 393 400 403 407 404 400 395 395 396 394 389 388 392 401 414 431 442 451 456 466 481 494 491 491 502 505 -9999 -9999 -9999 -9999 -9999 -9999 -9999 -9999 -9999 -9999 -9999 -9999 -9999 -9999 -9999 -9999
414 424 430 432 437 440 435 435 436 435 439 449 453 454 452 454 454 453 455 460 461 454 455 454 453 453 453 451 447 447 447 446 448 457 462 463 467 468 467 466 463 460 458 451 439 427 420 416 412 409 405 402 404 408 413 413 408 406 405 407 415 427 444 457 466 473 483 493 496 489 494 499 -9999 -9999 -9999 -9999 -9999 -9999 -9999 -9999 -9999 -9999 -9999 -9999 -9999 -9999 -9999 -9999 -9999
427 432 438 444 444 441 434 432 431 432 436 443 446 450 455 460 459 455 455 462 464 452 450 451 453 453 457 463 469 468 468 468 470 482 482 485 488 495 489 485 483 485 490 488 474 460 450 442 436 431 424 420 423 430 433 430 426 424 423 424 430 441 457 471 480 488 496 499 496 491 497 499 -9999 -9999 -9999 -9999 -9999 -9999 -9999 -9999 -9999 -9999 -9999 -9999 -9999 -9999 -9999 -9999 -9999
425 431 438 443 438 430 427 426 426 427 429 433 435 439 454 468 458 452 450 452 453 446 445 447 459 472 480 484 487 484 484 482 489 494 494 493 500 510 502 498 497 504 517 523 507 494 482 474 465 457 449 446 451 456 455 452 447 445 443 444 451 459 473 484 493 502 508 508 497 499 500 499 -9999 -9999 -9999 -9999 -9999 -9999 -9999 -9999 -9999 -9999 -9999 -9999 -9999 -9999 -9999 -9999 -9999
412 418 424 428 422 416 416 419 419 417 418 420 419 424 442 458 452 441 435 436 437 436 443 461 475 490 497 505 502 495 493 488 506 507 501 492 497 505 507 511 515 522 528 535 529 524 517 512 497 483 478 479 481 485 483 477 470 467 464 463 469 478 490 499 506 515 518 515 509 508 500 494 -9999 -9999 -9999 -9999 -9999 -9999 -9999 -9999 -9999 -9999 -9999 -9999 -9999 -9999 -9999 -9999 -9999
408 411 418 419 414 409 411 413 415 419 424 427 426 432 445 461 463 449 438 432 431 436 448 463 477 487 499 504 504 499 498 496 508 508 504 496 503 513 518 522 524 530 538 540 542 545 544 543 526 506 504 503 509 517 514 503 498 494 492 490 492 496 501 507 516 526 530 523 519 515 500 486 -9999 -9999 -9999 -9999 -9999 -9999 -9999 -9999 -9999 -9999 -9999 -9999 -9999 -9999 -9999 -9999 -9999
412 413 418 419 419 421 427 433 440 448 453 452 448 446 450 462 463 455 448 432 433 440 449 459 472 479 490 501 502 502 499 497 504 509 507 504 508 513 -9999 -9999 -9999 -9999 -9999 547 548 556 554 554 556 542 531 526 530 536 532 527 524 524 527 521 515 510 507 513 524 534 541 534 522 513 501 497 -9999 -9999 -9999 -9999 -9999 -9999 -9999 -9999 -9999 -9999 -9999 -9999 -9999 -9999 -9999 -9999 -9999
