Example_data/Species_1/M_variables/Set_1/bio_15.asc
ncols         249
nrows         150
xllcorner     -108.16666292027
yllcorner     24.666671082377
cellsize      0.16666667535901
NODATA_value  -9999
[rows 88 to 131 of 150, columns 0 to 95 of 249]
-9999 -9999 -9999 -9999 -9999 64 60 57 54 51 50 50 56 60 64 68 69 68 65 64 64 63 66 67 68 67 68 66 61 61 60 60 60 59 61 61 63 64 62 61 61 59 58 56 55 54 53 53 53 53 52 51 49 43 34 33 38 42 45 45 44 43 40 39 38 38 38 37 36 34 33 32 32 30 29 28 28 27 26 25 25 24 24 24 23 21 20 20 20 20 19 19 19 18 18 18
-9999 -9999 -9999 -9999 -9999 64 63 60 55 54 51 52 56 60 65 68 71 69 68 65 64 64 66 66 67 68 66 65 63 63 61 61 60 61 60 62 62 62 61 61 60 59 58 56 55 54 53 53 54 53 52 51 49 46 35 34 38 42 45 45 44 43 40 39 38 38 38 36 35 34 33 32 31 30 29 28 27 27 26 24 23 23 22 21 21 20 20 19 19 19 18 18 18 18 18 17
-9999 -9999 -9999 -9999 71 68 67 64 59 56 56 55 57 61 65 72 71 69 67 65 64 64 64 65 68 69 68 67 66 65 63 61 60 61 62 61 62 61 61 61 60 59 57 56 55 54 53 53 52 51 51 50 49 48 43 41 41 43 45 45 43 42 40 39 38 37 37 36 35 34 33 31 31 29 28 28 27 26 25 24 23 22 21 20 20 20 19 19 19 19 18 18 18 18 17 17
-9999 -9999 -9999 -9999 74 74 67 67 63 60 60 60 59 61 66 69 69 68 68 65 65 63 65 63 66 67 69 67 65 66 64 62 61 62 61 61 63 62 60 60 60 59 58 56 53 53 53 53 51 50 49 48 48 47 45 43 42 42 43 42 41 40 39 38 37 36 36 36 35 33 32 31 30 29 27 27 26 25 24 23 22 22 21 20 19 19 19 18 18 18 18 17 17 17 16 16
-9999 -9999 -9999 75 76 74 74 67 66 65 61 62 61 64 66 70 70 68 67 65 65 63 62 63 66 68 67 66 66 66 64 63 60 60 62 62 62 61 60 58 58 58 57 55 53 51 51 51 49 48 46 46 46 45 44 42 41 41 41 40 39 38 38 37 36 35 35 34 33 32 31 30 29 28 26 26 25 25 24 23 22 22 21 20 20 19 18 18 18 18 17 17 16 16 15 16
-9999 -9999 -9999 81 80 76 75 69 69 65 65 65 64 65 66 69 71 68 69 65 64 64 63 65 66 66 67 68 67 65 64 62 61 61 61 61 61 59 58 59 59 57 56 54 52 51 51 49 48 47 46 45 45 43 43 41 41 40 39 39 38 38 37 36 35 34 33 33 32 31 31 29 28 27 26 24 24 24 23 22 22 22 21 20 19 18 18 17 17 17 17 16 15 15 15 15
-9999 -9999 -9999 76 78 77 74 69 69 67 69 66 64 63 69 71 71 71 69 68 66 65 66 65 66 67 68 67 67 65 63 64 62 61 60 61 60 59 58 58 58 57 54 53 52 50 49 48 47 46 45 44 44 43 42 41 40 40 39 38 38 37 36 36 35 33 32 32 31 31 30 29 28 27 25 24 23 23 22 22 21 21 20 20 18 17 16 16 15 15 15 15 15 14 14 15
-9999 -9999 78 80 75 82 74 68 67 67 66 67 64 64 70 74 75 72 69 69 66 64 64 65 67 66 68 67 66 65 66 63 62 61 60 60 61 59 56 57 56 53 53 52 51 50 49 48 47 46 45 44 45 44 43 42 41 40 39 38 37 37 36 35 35 33 32 32 32 32 30 29 28 27 25 24 23 22 22 21 20 19 19 18 17 17 15 14 14 14 14 14 14 13 14 14
-9999 -9999 77 83 75 81 74 70 70 66 66 65 64 64 71 74 74 72 70 69 65 64 65 65 66 67 67 68 67 68 64 62 61 60 59 59 60 58 56 55 54 53 52 52 50 50 49 48 47 46 45 44 44 44 43 42 42 40 39 39 37 36 36 36 34 33 32 32 33 32 31 29 28 27 25 24 22 21 20 19 18 18 17 17 16 16 14 13 13 13 13 13 13 13 13 14
-9999 -9999 78 83 83 80 76 72 70 67 65 65 64 68 69 75 76 74 70 68 64 65 64 64 64 66 67 67 67 67 64 62 61 59 59 59 59 57 55 54 53 53 51 51 50 50 49 48 47 45 44 44 43 43 43 42 42 41 39 38 37 36 36 35 34 33 33 33 33 32 30 29 28 26 25 23 22 21 20 18 17 17 16 16 16 15 14 13 13 13 12 12 12 12 13 13
-9999 71 76 84 81 78 75 72 71 70 65 63 62 66 70 71 75 74 71 69 65 63 63 65 66 66 67 67 65 66 64 62 60 58 58 58 57 55 54 54 53 53 51 51 50 49 48 48 46 45 43 42 41 41 41 41 41 39 38 37 36 36 36 35 34 33 33 33 33 32 30 27 27 26 24 23 22 21 19 18 18 17 16 16 15 14 13 12 12 12 12 13 13 12 13 14
-9999 70 74 80 79 73 75 72 73 68 65 65 62 63 70 71 72 74 72 68 65 64 64 64 66 66 67 65 66 64 62 60 59 58 58 57 55 54 53 53 52 53 51 50 50 49 48 48 47 45 43 41 40 39 39 39 38 38 36 35 35 34 34 33 33 32 32 32 32 31 30 28 27 26 24 23 22 21 19 19 18 17 17 17 15 13 12 11 11 12 12 13 13 13 13 15
-9999 72 73 79 76 77 73 74 72 71 66 66 66 63 71 71 70 72 72 67 66 67 64 64 66 66 67 66 64 64 62 59 59 57 58 56 55 55 54 53 53 52 51 50 50 48 48 48 46 44 43 40 39 38 38 37 36 35 34 33 33 32 32 32 31 31 31 31 31 30 29 28 26 25 24 23 22 20 20 19 19 18 17 16 15 14 12 12 12 12 12 13 14 14 15 16
-9999 74 76 76 76 76 73 73 71 71 70 68 67 66 71 70 70 71 70 69 66 67 64 64 64 65 66 66 67 64 61 58 55 55 56 56 55 56 55 54 54 53 51 50 48 48 46 46 45 43 41 39 37 37 36 35 34 33 32 31 32 32 30 31 31 31 31 31 30 30 28 27 26 25 24 23 22 21 20 19 18 18 17 16 15 14 13 13 13 13 13 14 14 15 16 17
-9999 74 76 76 77 74 75 73 72 71 70 68 66 68 68 69 70 71 73 71 69 67 64 64 65 65 64 64 65 62 60 57 57 55 56 55 55 55 53 54 53 52 51 51 49 47 46 45 43 43 41 39 37 35 35 34 34 32 31 31 32 32 32 32 31 32 31 30 30 29 28 26 25 25 24 23 22 21 20 19 18 18 16 15 15 15 14 14 14 14 14 15 16 16 17 17
71 75 78 77 77 77 76 72 71 71 71 70 69 68 67 69 69 70 72 74 71 69 65 64 64 65 65 64 64 61 58 59 57 55 56 55 55 54 52 53 53 53 52 50 49 47 45 44 42 41 40 39 37 36 35 34 33 33 32 32 32 33 33 34 33 32 31 30 29 28 27 26 25 25 24 23 22 21 19 18 18 17 16 15 15 15 15 15 15 15 15 16 16 17 17 18
72 76 78 77 80 78 75 75 73 72 71 70 69 70 69 70 70 68 70 76 76 69 67 65 65 64 66 63 63 61 58 58 57 56 56 56 55 53 51 53 53 52 51 51 49 47 46 44 43 41 40 39 38 36 35 34 34 33 33 33 33 33 34 34 33 32 31 30 30 28 27 26 26 25 24 23 21 20 19 18 17 16 15 15 15 16 16 16 16 15 16 16 17 17 17 18
74 78 80 79 83 78 76 74 73 71 72 72 73 70 71 72 71 71 70 78 80 75 68 65 64 65 65 64 62 60 59 59 56 57 57 56 56 55 52 52 52 51 51 50 48 47 47 45 44 42 41 40 39 37 36 36 34 34 33 33 32 32 33 32 31 31 30 30 30 28 27 25 25 25 24 22 21 19 18 17 17 16 15 15 15 16 16 16 16 16 16 16 17 17 18 18
77 81 85 89 82 79 76 75 73 75 73 74 73 73 71 72 73 69 73 78 80 73 70 65 66 64 64 63 62 60 58 58 56 56 56 56 56 55 53 53 52 51 51 49 49 48 47 45 44 43 41 40 40 38 36 35 33 34 34 32 32 31 31 31 30 29 28 29 29 28 26 25 24 23 22 21 20 19 18 17 16 15 15 14 15 15 16 16 16 16 16 17 17 17 17 18
79 83 86 86 84 82 79 76 74 74 70 73 73 75 75 74 73 71 73 73 83 77 71 67 67 65 63 62 61 61 61 57 58 56 57 56 55 55 53 53 52 51 50 50 48 47 46 45 44 42 41 41 40 38 35 34 33 33 32 32 31 30 30 29 29 27 27 27 27 26 25 24 23 21 20 20 19 17 17 16 16 15 14 14 14 15 15 16 16 16 16 16 16 16 17 17
-9999 -9999 -9999 -9999 -9999 -9999 -9999 -9999 -9999 -9999 72 77 77 77 76 74 73 74 76 72 78 78 71 70 66 65 62 61 61 58 58 57 55 55 56 55 55 54 52 52 52 51 49 47 47 47 46 44 43 42 41 40 39 37 34 33 32 31 31 30 30 29 28 28 28 27 26 26 26 26 24 23 22 20 19 18 17 17 16 16 15 15 14 14 14 14 15 15 16 16 16 16 15 16 16 17
-9999 -9999 -9999 -9999 -9999 -9999 -9999 -9999 -9999 -9999 -9999 78 77 78 77 78 75 76 80 78 74 75 70 67 65 62 60 59 58 56 56 55 55 56 57 57 54 53 52 50 50 49 47 47 46 46 45 44 43 42 41 40 39 36 34 33 32 31 30 30 30 30 28 28 27 26 26 27 26 26 24 23 21 19 18 17 16 16 15 15 15 15 15 14 14 14 15 15 15 15 15 15 15 14 16 17
-9999 -9999 -9999 -9999 -9999 -9999 -9999 -9999 -9999 -9999 -9999 -9999 82 78 76 79 77 76 77 78 73 71 72 67 63 61 58 57 57 55 55 55 56 57 56 56 55 53 51 50 48 47 47 46 45 45 45 43 42 41 40 39 38 36 35 33 32 32 31 31 31 31 30 29 27 26 27 27 26 25 24 23 21 19 18 17 16 15 15 15 15 15 15 15 15 15 14 15 15 15 15 15 14 14 15 16
-9999 -9999 -9999 -9999 -9999 -9999 -9999 -9999 -9999 -9999 -9999 -9999 -9999 80 80 83 79 79 77 77 72 71 72 68 65 62 59 58 55 54 55 55 56 56 57 56 54 53 52 50 48 47 46 44 44 44 43 42 41 41 40 39 38 37 35 34 33 33 32 31 31 33 32 29 27 27 27 27 26 25 24 23 21 20 18 17 16 15 15 15 15 16 16 16 15 14 14 14 15 15 15 14 14 13 14 14
-9999 -9999 -9999 -9999 -9999 -9999 -9999 -9999 -9999 -9999 -9999 -9999 -9999 -9999 -9999 86 84 83 80 79 74 73 73 73 70 64 59 58 58 57 56 55 55 56 59 58 56 54 51 50 49 47 45 44 43 43 42 42 41 40 40 39 38 37 36 34 34 34 33 33 32 32 31 29 28 28 28 28 26 25 24 23 22 21 19 18 17 16 16 16 16 16 16 16 16 15 14 14 15 15 15 14 13 13 13 13
-9999 -9999 -9999 -9999 -9999 -9999 -9999 -9999 -9999 -9999 -9999 -9999 -9999 -9999 -9999 -9999 87 87 85 81 77 74 73 77 74 71 67 63 59 58 57 57 57 57 57 56 56 54 53 50 49 47 46 45 43 43 42 41 40 40 40 39 38 38 37 36 35 35 35 34 33 31 30 30 30 29 29 28 27 26 25 23 22 21 20 19 18 17 17 16 16 16 17 17 16 14 14 14 14 14 14 13 13 12 11 11
-9999 -9999 -9999 -9999 -9999 -9999 -9999 -9999 -9999 -9999 -9999 -9999 -9999 -9999 -9999 -9999 -9999 -9999 88 82 81 77 77 79 77 73 70 67 62 62 61 60 58 57 57 57 56 54 53 52 50 48 47 45 44 43 41 40 39 40 39 39 37 37 37 37 37 36 36 35 33 32 31 31 31 30 30 29 28 26 25 23 22 21 20 19 18 17 17 16 16 16 17 16 15 14 14 13 13 13 13 12 12 11 10 10
-9999 -9999 -9999 -9999 -9999 -9999 -9999 -9999 -9999 -9999 -9999 -9999 -9999 -9999 -9999 -9999 -9999 -9999 -9999 85 84 81 79 75 76 74 72 66 67 64 63 62 60 58 57 58 55 56 53 52 50 48 47 46 45 42 40 40 39 39 38 37 37 36 36 36 37 36 36 34 33 32 32 31 31 31 31 30 28 27 25 23 22 21 19 19 18 17 17 16 15 16 16 15 15 15 14 13 13 13 13 12 11 11 11 11
-9999 -9999 -9999 -9999 -9999 -9999 -9999 -9999 -9999 -9999 -9999 -9999 -9999 -9999 -9999 -9999 -9999 -9999 -9999 92 89 85 82 76 75 72 72 70 68 67 65 63 62 59 58 57 55 56 54 54 52 50 47 46 45 42 40 40 39 38 37 36 36 35 35 36 36 35 33 33 32 32 32 32 32 31 31 30 28 26 24 23 22 21 20 18 18 17 17 15 14 15 15 16 15 16 16 15 14 14 15 13 12 12 13 13
-9999 -9999 -9999 -9999 -9999 -9999 -9999 -9999 -9999 -9999 -9999 -9999 -9999 -9999 -9999 -9999 -9999 -9999 -9999 -9999 91 85 83 80 74 74 73 72 67 67 64 63 61 59 58 57 57 56 55 54 52 50 49 47 45 42 41 39 39 38 37 36 35 34 34 33 34 32 31 31 31 32 33 33 32 31 30 30 28 25 24 23 23 22 20 18 18 18 17 16 15 15 16 17 17 17 17 17 16 16 16 15 14 14 15 17
-9999 -9999 -9999 -9999 -9999 -9999 -9999 -9999 -9999 -9999 -9999 -9999 -9999 -9999 -9999 -9999 -9999 -9999 -9999 -9999 89 85 86 79 74 74 71 71 68 66 64 62 60 59 57 57 55 56 54 53 53 52 51 48 45 43 41 40 39 38 37 36 35 34 33 32 32 31 31 31 31 32 33 33 32 30 29 28 27 25 24 24 24 22 20 18 18 19 19 19 17 17 18 18 17 18 19 19 19 19 18 17 17 18 19 20
-9999 -9999 -9999 -9999 -9999 -9999 -9999 -9999 -9999 -9999 -9999 -9999 -9999 -9999 -9999 -9999 -9999 -9999 -9999 -9999 93 87 80 79 75 73 72 70 68 63 63 61 61 60 59 57 57 56 54 53 53 55 54 51 46 45 43 41 40 38 38 36 35 34 33 31 31 31 30 30 31 33 33 33 32 31 29 27 26 25 24 24 24 22 21 20 19 20 21 21 20 20 20 19 19 20 20 20 21 21 20 20 20 21 22 24
-9999 -9999 -9999 -9999 -9999 -9999 -9999 -9999 -9999 -9999 -9999 -9999 -9999 -9999 -9999 -9999 -9999 -9999 -9999 -9999 -9999 90 80 74 74 78 73 70 68 63 61 62 59 61 -9999 -9999 -9999 -9999 -9999 54 56 64 64 56 48 45 42 41 39 39 38 37 35 35 34 32 31 31 31 31 31 32 33 33 32 30 28 27 26 25 24 24 24 22 22 22 21 20 21 22 22 22 21 21 20 -9999 -9999 -9999 -9999 -9999 -9999 22 22 23 25 26
-9999 -9999 -9999 -9999 -9999 -9999 -9999 -9999 -9999 -9999 -9999 -9999 -9999 -9999 -9999 -9999 -9999 -9999 -9999 -9999 -9999 -9999 80 74 74 75 76 70 70 65 63 63 58 -9999 -9999 -9999 -9999 -9999 -9999 -9999 64 72 73 54 51 47 43 41 40 39 39 37 37 39 38 33 33 34 33 32 31 32 33 33 32 29 27 25 25 26 25 25 24 24 24 23 23 25 25 25 25 24 -9999 -9999 -9999 -9999 -9999 -9999 -9999 -9999 -9999 -9999 -9999 -9999 -9999 -9999
-9999 -9999 -9999 -9999 -9999 -9999 -9999 -9999 -9999 -9999 -9999 -9999 -9999 -9999 -9999 -9999 -9999 -9999 -9999 -9999 -9999 -9999 -9999 85 82 79 78 77 69 67 62 60 66 -9999 -9999 -9999 -9999 -9999 -9999 -9999 -9999 -9999 62 52 50 47 44 41 40 41 39 39 38 40 39 36 37 36 35 32 32 32 33 33 32 30 27 26 27 27 26 26 25 26 25 24 25 27 28 28 27 -9999 -9999 -9999 -9999 -9999 -9999 -9999 -9999 -9999 -9999 -9999 -9999 -9999 -9999 -9999
-9999 -9999 -9999 -9999 -9999 -9999 -9999 -9999 -9999 -9999 -9999 -9999 -9999 -9999 -9999 -9999 -9999 -9999 -9999 -9999 -9999 -9999 -9999 -9999 -9999 -9999 81 76 74 66 61 60 67 -9999 -9999 -9999 -9999 -9999 -9999 -9999 -9999 -9999 -9999 52 52 50 45 43 42 42 41 39 40 40 39 39 38 37 36 33 33 34 35 35 34 32 30 29 30 30 28 26 27 27 27 26 27 29 30 -9999 -9999 -9999 -9999 -9999 -9999 -9999 -9999 -9999 -9999 -9999 -9999 -9999 -9999 -9999 -9999 -9999
-9999 -9999 -9999 -9999 -9999 -9999 -9999 -9999 -9999 -9999 -9999 -9999 -9999 -9999 -9999 -9999 -9999 -9999 -9999 -9999 -9999 -9999 -9999 -9999 -9999 -9999 -9999 -9999 70 64 59 -9999 -9999 -9999 -9999 -9999 -9999 -9999 -9999 -9999 -9999 -9999 -9999 -9999 56 57 49 45 44 43 43 42 41 40 41 40 40 39 38 36 36 36 36 35 34 33 32 32 33 33 30 28 28 29 29 29 30 32 -9999 -9999 -9999 -9999 -9999 -9999 -9999 -9999 -9999 -9999 -9999 -9999 -9999 -9999 -9999 -9999 -9999 -9999
-9999 -9999 -9999 -9999 -9999 -9999 -9999 -9999 -9999 -9999 -9999 -9999 -9999 -9999 -9999 -9999 -9999 -9999 -9999 -9999 -9999 -9999 -9999 -9999 -9999 -9999 -9999 -9999 -9999 -9999 -9999 -9999 -9999 -9999 -9999 -9999 -9999 -9999 -9999 -9999 -9999 -9999 -9999 -9999 56 55 51 48 46 44 43 43 42 40 40 41 41 40 39 38 37 36 36 35 34 34 35 34 34 33 32 31 31 31 31 31 -9999 -9999 -9999 -9999 -9999 -9999 -9999 -9999 -9999 -9999 -9999 -9999 -9999 -9999 -9999 -9999 -9999 -9999 -9999 -9999
-9999 -9999 -9999 -9999 -9999 -9999 -9999 -9999 -9999 -9999 -9999 -9999 -9999 -9999 -9999 -9999 -9999 -9999 -9999 -9999 -9999 -9999 -9999 -9999 -9999 -9999 -9999 -9999 -9999 -9999 -9999 -9999 -9999 -9999 -9999 -9999 -9999 -9999 -9999 -9999 -9999 -9999 -9999 -9999 -9999 53 53 50 48 46 44 45 44 44 44 43 42 41 40 39 38 37 37 37 36 36 36 36 35 34 33 32 32 33 33 -9999 -9999 -9999 -9999 -9999 -9999 -9999 -9999 -9999 -9999 -9999 -9999 -9999 -9999 -9999 -9999 -9999 -9999 -9999 -9999 -9999
-9999 -9999 -9999 -9999 -9999 -9999 -9999 -9999 -9999 -9999 -9999 -9999 -9999 -9999 -9999 -9999 -9999 -9999 -9999 -9999 -9999 -9999 -9999 -9999 -9999 -9999 -9999 -9999 -9999 -9999 -9999 -9999 -9999 -9999 -9999 -9999 -9999 -9999 -9999 -9999 -9999 -9999 -9999 -9999 -9999 -9999 57 54 50 48 45 44 45 48 48 46 43 41 41 40 40 38 38 39 40 40 39 37 36 35 35 34 -9999 -9999 -9999 -9999 -9999 -9999 -9999 -9999 -9999 -9999 -9999 -9999 -9999 -9999 -9999 -9999 -9999 -9999 -9999 -9999 -9999 -9999 -9999 -9999
-9999 -9999 -9999 -9999 -9999 -9999 -9999 -9999 -9999 -9999 -9999 -9999 -9999 -9999 -9999 -9999 -9999 -9999 -9999 -9999 -9999 -9999 -9999 -9999 -9999 -9999 -9999 -9999 -9999 -9999 -9999 -9999 -9999 -9999 -9999 -9999 -9999 -9999 -9999 -9999 -9999 -9999 -9999 -9999 -9999 -9999 61 59 53 49 46 43 44 47 47 46 44 44 42 42 41 40 40 41 42 43 41 39 38 37 36 -9999 -9999 -9999 -9999 -9999 -9999 -9999 -9999 -9999 -9999 -9999 -9999 -9999 -9999 -9999 -9999 -9999 -9999 -9999 -9999 -9999 -9999 -9999 -9999 -9999
-9999 -9999 -9999 -9999 -9999 -9999 -9999 -9999 -9999 -9999 -9999 -9999 -9999 -9999 -9999 -9999 -9999 -9999 -9999 -9999 -9999 -9999 -9999 -9999 -9999 -9999 -9999 -9999 -9999 -9999 -9999 -9999 -9999 -9999 -9999 -9999 -9999 -9999 -9999 -9999 -9999 -9999 -9999 -9999 -9999 -9999 -9999 58 55 51 48 45 44 46 46 47 46 46 45 44 44 43 43 44 44 44 43 41 39 -9999 -9999 -9999 -9999 -9999 -9999 -9999 -9999 -9999 -9999 -9999 -9999 -9999 -9999 -9999 -9999 -9999 -9999 -9999 -9999 -9999 -9999 -9999 -9999 -9999 -9999 -9999
-9999 -9999 -9999 -9999 -9999 -9999 -9999 -9999 -9999 -9999 -9999 -9999 -9999 -9999 -9999 -9999 -9999 -9999 -9999 -9999 -9999 -9999 -9999 -9999 -9999 -9999 -9999 -9999 -9999 -9999 -9999 -9999 -9999 -9999 -9999 -9999 -9999 -9999 -9999 -9999 -9999 -9999 -9999 -9999 -9999 -9999 -9999 -9999 56 54 52 50 47 46 47 47 47 47 47 47 46 45 44 44 45 44 44 42 -9999 -9999 -9999 -9999 -9999 -9999 -9999 -9999 -9999 -9999 -9999 -9999 -9999 -9999 -9999 -9999 -9999 -9999 -9999 -9999 -9999 -9999 -9999 -9999 -9999 -9999 -9999 -9999
-9999 -9999 -9999 -9999 -9999 -9999 -9999 -9999 -9999 -9999 -9999 -9999 -9999 -9999 -9999 -9999 -9999 -9999 -9999 -9999 -9999 -9999 -9999 -9999 -9999 -9999 -9999 -9999 -9999 -9999 -9999 -9999 -9999 -9999 -9999 -9999 -9999 -9999 -9999 -9999 -9999 -9999 -9999 -9999 -9999 -9999 -9999 -9999 -9999 56 60 54 48 47 47 49 49 49 50 49 49 47 46 45 47 47 46 -9999 -9999 -9999 -9999 -9999 -9999 -9999 -9999 -9999 -9999 -9999 -9999 -9999 -9999 -9999 -9999 -9999 -9999 -9999 -9999 -9999 -9999 -9999 -9999 -9999 -9999 -9999 -9999 -9999
