Example_data/Species_1/M_variables/Set_1/bio_15.asc
ncols         249
nrows         150
xllcorner     -108.16666292027
yllcorner     24.666671082377
cellsize      0.16666667535901
NODATA_value  -9999
[rows 44 to 87 of 150, columns 96 to 191 of 249]
44 44 44 44 43 42 40 39 38 37 38 37 36 36 36 36 35 36 35 34 34 33 33 32 31 30 29 27 -9999 -9999 -9999 -9999 -9999 20 19 20 19 20 21 22 23 23 24 24 23 24 23 22 21 20 20 20 20 20 18 16 16 -9999 -9999 -9999 -9999 -9999 -9999 -9999 -9999 -9999 -9999 -9999 -9999 -9999 -9999 15 15 16 17 17 16 15 15 15 16 17 19 21 23 22 22 23 23 22 22 21 20 19 18 17
45 44 44 43 42 41 40 38 37 37 37 37 36 35 35 35 35 34 35 34 34 33 32 32 31 29 27 26 -9999 -9999 -9999 -9999 20 19 19 19 20 20 22 22 23 23 24 23 23 22 22 21 21 20 20 20 20 19 17 -9999 -9999 -9999 -9999 -9999 -9999 -9999 -9999 -9999 -9999 -9999 -9999 -9999 18 17 16 16 15 15 15 15 16 15 15 16 16 18 20 22 22 23 22 23 23 22 22 21 20 19 18 17
44 44 44 43 41 40 38 37 37 37 37 37 36 35 35 34 35 34 34 33 33 32 32 31 30 29 27 26 25 -9999 -9999 21 20 19 19 19 20 21 22 23 23 23 23 23 22 21 21 20 20 20 20 20 20 19 19 -9999 -9999 -9999 -9999 -9999 -9999 -9999 -9999 -9999 -9999 18 18 19 18 17 17 16 16 16 15 15 15 15 16 16 17 18 20 21 22 21 22 22 22 23 23 23 22 22 20 18
44 44 44 42 41 39 37 37 37 37 37 36 35 34 34 34 34 34 33 33 32 32 31 30 30 29 28 26 25 24 23 22 20 19 19 19 20 21 22 23 23 23 23 22 22 20 20 20 20 20 20 20 20 20 20 -9999 -9999 -9999 -9999 -9999 -9999 -9999 -9999 16 17 17 17 18 18 17 17 16 16 16 16 16 16 16 16 16 16 17 18 20 20 20 20 20 21 22 24 24 27 26 21 19
44 43 43 42 40 38 37 37 37 37 36 35 35 34 34 34 34 33 33 32 31 31 30 30 30 29 28 27 26 25 24 23 21 20 20 21 21 22 23 23 23 23 23 22 21 21 20 20 20 20 21 20 21 21 22 22 21 20 18 17 16 15 15 15 16 15 15 17 17 17 17 17 17 17 17 17 17 17 16 16 16 16 17 19 19 19 19 19 20 21 23 24 26 25 22 20
43 42 41 40 39 38 37 36 36 36 35 34 34 33 33 34 33 33 32 31 30 30 29 29 29 29 29 28 27 26 26 25 22 22 22 22 23 23 24 23 23 23 23 22 22 21 20 20 20 21 22 22 22 22 22 22 22 21 20 18 17 16 15 15 15 14 15 17 18 18 18 17 17 17 18 18 18 17 16 16 16 16 17 18 18 19 18 19 19 20 21 22 24 23 21 19
42 41 40 39 38 37 36 35 35 34 34 33 33 32 33 33 33 32 30 29 29 29 29 28 29 29 29 27 27 26 26 25 24 23 23 23 24 24 24 23 22 22 23 22 21 21 21 20 21 22 23 23 22 22 22 22 22 21 20 19 18 17 16 16 16 16 16 18 18 18 18 17 17 17 18 18 17 16 16 16 16 16 17 17 17 18 18 18 18 17 17 18 19 20 20 19
41 40 39 38 37 37 36 34 34 33 33 33 32 31 31 31 31 30 29 28 28 28 28 28 28 28 27 27 27 26 25 25 24 24 24 24 23 24 23 22 21 21 22 22 22 21 21 21 21 21 22 23 22 21 21 22 22 21 21 20 19 18 18 17 17 17 17 19 19 18 17 17 17 17 17 18 17 17 16 16 16 16 17 17 17 17 17 16 17 17 16 16 17 18 18 17
39 38 37 37 36 36 35 34 33 32 33 32 31 30 30 30 30 29 28 28 28 28 28 28 27 27 27 27 26 26 25 24 24 23 23 23 23 22 22 21 21 21 21 21 21 21 21 21 21 21 22 22 22 22 21 22 22 22 21 21 20 20 20 19 18 18 18 19 19 18 18 17 17 17 17 17 17 16 15 15 15 16 18 18 17 16 16 16 16 16 15 14 15 17 17 16
39 37 36 35 35 35 34 33 32 32 32 31 30 29 29 29 28 28 27 27 28 27 27 27 27 26 26 26 26 25 25 24 23 22 22 22 22 21 21 21 21 21 21 21 21 20 21 21 21 21 22 22 21 22 22 22 23 22 22 22 21 21 21 20 19 19 19 18 19 18 18 17 17 17 17 18 17 16 15 14 15 16 18 17 16 15 15 15 15 15 14 14 14 16 16 15
38 36 35 34 34 34 33 33 32 32 31 30 28 28 28 28 27 27 27 27 26 26 26 26 26 26 26 26 26 25 25 24 23 22 22 21 21 21 21 21 21 21 21 21 21 21 21 21 21 22 22 21 21 22 22 22 22 21 21 21 21 21 20 20 19 19 19 19 18 18 18 17 17 16 17 17 17 16 14 13 14 15 16 16 15 14 15 15 14 14 13 13 13 14 14 14
37 35 34 34 35 34 33 32 32 31 30 29 27 26 27 27 26 26 26 26 26 26 25 26 26 26 26 26 25 25 25 24 23 22 21 21 20 20 20 21 21 21 21 21 21 21 21 21 21 21 22 22 21 21 22 22 21 21 20 21 21 21 20 20 20 19 19 18 18 18 17 17 17 17 16 16 16 15 13 13 12 13 15 15 14 14 14 14 13 13 12 12 12 13 14 13
36 35 34 33 33 33 33 32 31 30 28 27 26 26 26 26 26 26 25 25 25 25 24 25 25 25 25 25 24 24 23 23 22 22 20 20 20 20 19 20 20 21 22 22 22 21 20 20 21 21 22 22 22 21 21 21 21 21 20 20 20 20 20 20 19 19 19 18 18 18 17 17 17 17 16 15 15 14 13 12 12 13 14 14 14 13 13 12 12 11 11 10 11 13 14 14
35 34 33 32 32 32 32 32 30 29 28 26 26 25 25 26 26 25 25 24 24 24 24 24 24 24 24 24 24 23 22 22 21 20 20 20 20 20 20 20 20 21 21 22 21 20 20 20 20 20 21 22 21 21 21 21 20 20 20 20 20 20 20 19 19 19 18 18 17 17 17 17 17 16 16 15 14 13 13 12 12 14 14 14 13 13 12 11 11 10 10 10 10 12 14 14
34 33 32 31 30 30 31 30 29 28 27 26 26 25 25 24 24 24 24 24 23 23 23 23 23 22 22 22 22 22 21 21 20 20 19 20 20 20 20 20 21 21 21 21 20 20 19 19 19 19 21 21 20 20 20 21 20 20 20 20 20 20 20 19 19 18 18 17 17 17 17 17 17 16 16 14 14 13 13 12 13 13 14 14 13 12 11 11 10 10 10 10 10 12 13 13
32 31 30 30 29 29 29 29 28 27 27 27 26 25 24 24 23 23 23 23 22 22 22 22 21 22 21 22 21 21 21 20 20 20 19 19 20 21 20 21 21 21 20 20 19 19 19 18 18 19 20 20 20 20 20 20 20 20 20 20 20 20 19 19 18 17 17 16 16 16 16 16 16 16 14 14 14 13 13 13 14 14 14 14 13 12 12 11 10 10 10 10 10 11 12 12
32 30 29 28 29 29 28 28 27 27 27 26 25 24 23 22 23 22 22 22 21 21 21 21 21 21 21 21 22 21 21 20 20 19 19 19 19 20 20 20 20 20 19 19 19 18 18 18 18 19 19 19 19 19 19 20 20 20 20 19 19 18 18 17 17 16 16 16 15 15 15 16 16 15 14 14 13 13 13 14 15 15 15 14 14 13 12 11 11 10 10 10 10 10 11 12
32 30 29 28 28 28 27 26 26 26 25 25 24 23 22 22 21 21 21 21 21 20 20 20 20 20 20 21 22 22 21 21 20 19 19 18 18 18 19 19 20 19 19 18 18 17 17 18 18 19 19 19 19 19 19 19 20 20 19 19 18 17 17 16 16 15 15 14 14 14 15 15 15 14 13 13 13 13 14 16 15 15 15 15 14 13 12 12 12 11 10 10 10 10 11 12
31 29 28 27 27 26 26 25 24 24 24 23 23 22 21 21 21 21 21 20 20 20 20 20 20 20 20 21 21 21 21 21 20 19 18 18 17 17 18 19 19 18 18 17 17 17 17 17 17 18 18 18 18 18 18 18 19 19 19 18 17 16 16 15 15 14 14 14 14 13 14 14 14 13 13 13 12 12 15 16 15 16 16 15 14 13 13 12 12 12 11 10 10 11 11 11
30 28 27 26 25 26 25 24 23 23 22 22 21 21 20 20 21 21 21 20 20 19 20 20 20 20 19 20 20 21 21 21 20 19 18 17 17 17 17 17 18 17 17 17 17 17 16 16 17 17 17 17 17 17 17 17 17 18 18 17 17 16 15 14 14 13 13 14 13 13 12 13 13 13 13 12 10 12 16 16 16 16 16 15 15 14 13 12 12 12 11 11 11 12 14 12
29 28 26 25 25 25 25 23 22 21 21 20 20 20 20 20 20 21 21 20 20 19 19 19 19 19 19 19 20 20 20 20 19 18 17 17 17 16 16 17 17 16 16 16 16 16 16 16 16 17 17 17 17 17 16 16 17 17 17 17 16 15 14 14 13 13 13 13 14 13 13 13 13 13 12 11 11 15 16 15 16 15 15 15 15 13 12 11 11 11 11 12 12 13 14 12
28 27 25 25 24 24 24 22 21 20 20 20 19 19 19 19 19 20 20 20 19 19 19 19 18 18 19 19 19 20 19 19 18 18 17 16 16 16 16 16 16 16 16 16 16 16 16 16 16 17 17 17 17 16 16 16 16 16 17 16 16 15 14 14 14 13 13 13 14 13 13 12 11 12 10 9 12 15 15 16 17 15 14 14 14 13 12 11 10 11 11 12 12 12 12 12
28 26 25 24 23 22 21 21 20 19 19 19 19 19 19 18 19 20 20 19 19 19 19 19 19 19 19 19 19 19 18 18 18 17 16 16 16 16 16 16 16 16 16 16 16 16 16 16 16 16 17 16 16 16 16 16 16 16 16 16 16 15 15 15 14 14 14 14 14 14 13 11 10 9 9 10 12 14 13 17 16 15 14 14 13 12 11 10 10 11 11 11 11 11 11 12
26 25 25 24 23 21 20 19 18 18 18 18 18 18 18 18 18 18 19 19 18 19 19 19 19 19 18 18 18 18 18 18 17 17 16 16 15 16 16 17 17 16 17 17 16 16 16 16 16 16 16 16 16 16 16 16 16 16 16 15 15 15 16 16 15 14 14 14 14 14 13 10 10 10 9 10 11 12 15 16 15 14 13 13 12 11 10 10 10 10 11 11 10 11 11 11
25 25 24 23 22 21 20 19 19 18 18 18 18 18 18 18 17 17 18 17 18 18 19 19 19 19 18 18 18 17 17 17 16 16 15 15 15 15 16 17 17 16 16 16 16 16 16 16 16 16 16 16 16 16 16 16 16 16 15 15 15 15 16 16 15 15 15 15 14 13 11 10 10 10 10 11 11 12 14 15 13 13 13 13 12 11 10 9 9 10 11 11 11 11 11 12
24 23 23 22 21 20 20 19 19 18 18 18 18 18 17 17 17 17 17 17 17 17 18 18 19 19 18 17 17 16 16 16 16 15 15 15 14 14 15 16 16 16 16 16 16 16 15 15 15 16 16 16 16 16 16 16 16 15 15 15 15 15 15 15 15 15 15 15 13 12 11 11 10 10 10 11 11 12 12 13 13 14 13 13 12 11 10 10 10 10 11 11 12 12 11 12
22 22 21 21 20 20 19 19 19 18 18 18 18 18 17 17 17 17 17 17 17 17 17 18 18 18 17 17 16 15 15 15 15 15 14 14 14 14 15 15 16 15 15 15 15 15 15 15 15 15 15 15 16 16 15 15 15 15 15 14 14 14 14 14 14 15 15 14 13 13 13 12 11 11 11 11 11 11 11 11 12 13 13 13 12 11 10 10 10 10 11 12 13 12 12 12
21 20 20 20 20 20 19 19 18 18 18 18 18 18 17 17 17 16 16 16 17 17 17 17 17 17 16 16 16 15 15 14 14 14 14 13 14 14 14 15 15 15 14 14 14 15 14 14 15 15 15 15 15 14 14 14 14 14 14 13 13 13 13 13 14 15 14 14 13 13 12 11 12 11 11 11 11 10 11 12 12 12 12 12 11 10 10 10 11 11 12 12 12 12 12 12
20 20 20 20 20 20 19 18 18 17 17 17 17 17 17 16 16 16 16 16 16 16 16 16 16 16 16 15 16 15 14 14 14 13 13 13 14 14 14 14 14 14 14 13 13 14 14 14 14 14 14 14 14 13 13 13 13 13 13 13 12 12 12 13 14 14 14 14 14 13 12 11 11 11 11 10 10 10 11 12 11 11 11 11 10 10 10 10 12 12 12 12 13 13 13 13
20 19 20 20 20 20 18 17 17 16 16 17 16 16 16 16 16 15 15 15 16 15 16 16 15 15 15 15 15 15 14 13 13 14 14 14 14 14 14 14 14 13 13 13 13 13 13 13 13 13 13 13 13 12 12 12 12 12 13 13 12 12 12 13 14 14 14 14 14 12 12 12 11 11 10 10 10 10 10 11 11 10 10 10 9 10 10 11 12 13 13 14 14 14 13 13
19 19 20 20 20 19 18 17 16 16 16 16 16 16 16 16 16 15 15 15 15 15 15 15 15 15 15 15 15 14 14 13 13 14 14 14 14 14 14 14 13 13 12 12 12 12 13 13 13 13 13 12 12 12 11 11 12 12 12 12 12 13 12 13 13 13 13 13 13 13 12 11 11 10 10 10 10 9 9 9 9 9 9 9 9 10 10 11 12 13 14 14 15 15 15 14
19 19 19 19 19 18 17 17 17 16 16 16 17 17 17 17 16 15 15 15 14 15 15 15 15 15 15 14 14 14 13 13 14 14 14 14 14 14 14 13 13 12 12 12 12 12 12 12 13 13 12 12 12 12 11 11 12 12 12 12 12 12 12 12 12 12 12 13 13 13 12 12 12 10 10 9 9 9 9 9 8 8 8 8 9 9 10 11 13 14 15 15 16 17 16 16
19 19 18 18 18 17 17 16 16 16 17 17 18 18 18 17 17 16 15 15 14 14 14 14 14 15 15 15 15 14 14 14 14 14 14 14 14 14 13 13 12 12 12 11 11 11 12 12 12 13 13 12 12 12 12 11 12 12 12 12 12 12 12 12 12 12 13 13 13 12 12 12 11 11 10 9 8 9 9 8 8 8 8 8 9 10 11 12 13 14 15 16 16 17 17 18
18 18 18 17 17 16 16 16 16 16 17 17 18 18 18 18 17 16 15 15 14 14 14 14 14 14 15 15 15 15 14 15 15 15 14 14 13 13 13 13 12 12 12 11 11 11 11 12 12 13 13 13 12 13 13 12 12 12 12 12 12 12 11 11 11 11 12 13 12 12 12 11 11 11 10 9 8 8 9 9 9 9 8 9 9 10 11 13 14 15 15 16 16 17 18 19
18 17 17 16 16 16 16 16 16 16 17 18 18 18 18 18 17 16 15 14 14 14 14 14 14 14 15 15 16 15 15 15 15 15 15 14 14 13 13 13 13 12 12 11 11 11 11 12 12 13 13 13 13 13 14 14 13 13 13 12 12 11 11 10 10 11 12 12 11 10 10 10 11 10 10 9 9 9 9 10 10 10 9 10 10 11 12 14 15 15 16 17 17 18 19 20
18 17 17 16 16 16 16 16 16 16 17 18 19 18 18 17 17 16 15 15 14 14 14 14 14 14 15 15 16 16 15 15 15 15 14 14 14 13 13 13 13 13 12 12 12 12 12 12 12 13 13 14 14 14 14 14 14 14 13 13 11 11 10 10 10 11 11 10 10 10 10 10 10 10 10 10 10 10 10 10 10 11 11 11 12 12 14 15 15 16 17 18 18 19 21 22
18 17 17 16 16 16 17 17 17 17 18 18 18 18 17 17 16 16 15 15 14 14 14 14 14 15 15 16 16 15 15 15 15 15 14 14 14 14 14 13 13 13 13 13 13 12 13 12 13 13 13 14 14 14 14 15 14 15 13 12 11 10 10 10 10 10 10 10 9 9 9 10 10 10 10 10 10 10 10 11 11 12 12 13 13 14 14 15 16 17 18 18 20 21 22 24
18 17 17 17 17 17 18 18 18 18 19 18 18 17 17 17 17 17 16 15 15 14 14 15 15 16 16 16 16 15 15 14 15 14 14 14 14 14 14 14 14 14 14 14 14 14 14 14 14 14 14 14 14 15 15 15 14 12 12 10 10 10 10 10 10 10 9 9 9 9 10 10 9 10 11 11 11 11 11 11 12 12 13 14 14 15 15 16 17 18 19 20 20 21 23 24
18 18 18 18 17 18 18 18 18 19 19 19 18 18 18 18 18 17 16 16 15 15 15 15 16 16 17 16 16 16 15 15 14 15 15 15 14 14 14 14 14 14 15 15 14 15 15 15 15 14 14 14 14 15 15 14 14 11 10 10 9 9 9 10 9 10 9 10 10 9 10 9 10 11 11 12 12 12 11 12 13 13 13 15 16 16 17 18 18 19 20 20 21 22 22 22
19 18 18 18 17 18 18 19 19 19 19 19 19 18 19 19 19 18 17 16 16 16 16 16 16 17 17 17 17 16 15 15 15 15 15 15 14 14 15 15 15 15 15 15 15 16 16 15 16 15 14 13 13 11 11 11 13 13 10 9 9 9 9 9 10 10 10 9 9 10 9 10 10 12 12 13 13 13 13 13 13 14 15 16 17 18 18 19 20 20 21 21 21 22 22 21
19 18 18 18 17 18 19 19 19 20 20 20 19 19 19 19 19 19 18 17 17 17 16 17 17 17 17 17 17 17 16 16 15 15 15 15 15 15 15 15 15 15 15 16 16 15 15 15 15 14 12 10 9 9 9 11 11 12 10 10 9 9 9 9 10 10 10 10 9 10 10 11 12 12 13 14 14 15 15 15 15 16 17 18 20 20 21 21 22 22 22 22 22 22 22 21
19 19 19 19 19 19 19 20 20 20 20 20 20 20 20 19 19 19 18 18 18 18 18 18 18 18 18 17 17 17 16 16 16 16 16 16 16 16 15 15 15 15 16 16 15 15 15 15 13 13 12 12 11 10 8 8 8 10 10 9 9 9 9 10 10 10 10 10 10 11 11 12 13 14 14 15 16 16 17 18 18 18 20 21 23 24 23 23 23 23 23 23 23 22 21 20
19 19 19 19 20 19 20 20 20 20 21 20 20 20 20 20 19 19 18 18 19 19 19 18 18 18 18 18 17 17 17 17 17 17 17 17 17 16 15 15 15 15 16 15 15 14 14 14 12 12 12 10 11 9 8 7 8 8 8 8 9 9 9 10 10 11 11 11 11 12 12 13 14 15 15 16 17 19 20 21 21 21 22 23 25 26 25 25 25 24 25 24 24 23 22 20
19 19 19 20 20 20 19 20 20 21 21 21 20 20 20 19 19 19 19 19 19 19 19 19 19 18 18 18 18 18 17 17 17 17 17 17 17 16 16 17 16 16 16 15 14 14 14 14 14 13 12 10 11 8 8 8 8 9 9 9 10 10 10 11 11 11 12 12 12 13 14 15 16 17 17 18 19 20 22 24 23 23 24 25 26 27 27 26 26 26 26 25 25 23 22 21
