Project_folder/Species_1/M_variables/Set_3/bio_17.asc
ncols         249
nrows         150
xllcorner     -108.16666292027
yllcorner     24.666671082377
cellsize      0.16666667535901
NODATA_value  -9999
[rows 41 to 81 of 150, columns 0 to 90 of 249]
-9999 -9999 -9999 -9999 -9999 -9999 -9999 -9999 -9999 -9999 -9999 -9999 -9999 -9999 -9999 -9999 -9999 -9999 -9999 35 38 41 37 35 34 32 32 33 30 30 32 35 38 35 32 29 29 31 33 34 35 34 33 31 31 30 32 35 36 36 37 39 42 43 42 41 39 40 43 41 39 40 43 45 44 44 44 44 48 51 53 53 54 54 53 52 53 54 55 60 62 64 65 66 67 66 67 70 72 75 72
-9999 -9999 -9999 -9999 -9999 -9999 -9999 -9999 -9999 -9999 -9999 -9999 -9999 -9999 -9999 -9999 -9999 -9999 -9999 29 35 38 32 31 30 30 30 31 32 34 36 38 38 36 31 31 31 32 35 36 38 38 36 33 33 33 34 36 38 39 40 42 43 45 42 41 42 42 43 42 41 41 44 47 48 48 48 48 50 52 54 55 54 54 55 56 55 55 57 60 62 63 66 69 69 67 69 71 74 75 74
-9999 -9999 -9999 -9999 -9999 -9999 -9999 -9999 -9999 -9999 -9999 -9999 -9999 -9999 -9999 -9999 -9999 -9999 29 28 31 28 25 28 29 27 27 30 31 33 34 34 35 33 30 30 32 33 35 38 41 41 38 36 35 35 37 41 41 44 44 45 46 45 43 42 43 42 43 43 43 45 46 48 50 51 52 53 54 53 53 53 55 56 56 59 59 59 62 64 63 64 68 71 71 70 72 72 74 75 74
-9999 -9999 -9999 -9999 -9999 -9999 -9999 -9999 -9999 -9999 -9999 -9999 -9999 -9999 -9999 -9999 -9999 32 26 25 25 24 25 26 26 28 30 30 30 33 33 31 31 30 27 28 30 33 37 41 45 44 41 39 36 38 40 43 45 46 46 46 46 45 44 43 43 42 43 44 45 46 47 49 52 55 55 56 58 55 55 54 55 55 56 58 61 63 64 66 65 66 69 72 72 73 72 73 73 75 75
-9999 -9999 -9999 -9999 -9999 -9999 -9999 -9999 -9999 -9999 -9999 -9999 -9999 -9999 -9999 -9999 -9999 30 25 25 28 25 24 26 27 28 28 30 30 30 30 29 28 27 25 26 30 33 37 44 47 46 40 38 38 39 41 44 47 49 47 46 45 44 43 43 44 43 43 44 45 47 50 51 52 56 57 57 57 57 55 57 57 55 55 60 63 64 67 67 66 69 71 72 72 74 72 73 73 75 77
-9999 -9999 -9999 -9999 -9999 -9999 -9999 -9999 -9999 -9999 -9999 -9999 -9999 -9999 -9999 -9999 37 31 30 31 32 27 24 27 28 28 26 28 30 31 30 29 28 26 26 27 33 39 45 50 52 46 41 38 38 39 42 45 47 46 46 46 44 43 43 43 45 43 44 45 48 50 51 51 52 56 58 57 57 57 57 57 58 58 59 61 64 67 68 70 71 72 73 73 71 73 73 73 75 78 80
-9999 -9999 -9999 -9999 -9999 -9999 -9999 -9999 -9999 -9999 -9999 -9999 -9999 -9999 -9999 -9999 37 35 37 38 38 35 31 31 33 31 29 29 28 28 28 29 29 26 26 30 38 48 59 62 57 49 43 38 37 39 40 43 43 44 43 44 44 43 42 43 45 44 45 46 47 49 51 52 52 56 58 58 59 60 59 59 60 61 62 63 65 67 70 73 76 78 78 74 72 72 72 75 82 87 86
-9999 -9999 -9999 -9999 -9999 -9999 -9999 -9999 -9999 -9999 -9999 -9999 -9999 -9999 -9999 39 43 36 35 36 37 35 34 36 37 34 31 30 29 28 28 28 28 29 28 33 42 55 72 74 60 48 41 36 35 37 39 40 41 40 41 42 43 44 44 44 45 46 45 46 47 50 53 54 54 55 57 57 59 61 61 59 59 61 65 65 65 66 69 73 76 78 78 77 74 75 77 82 95 107 106
-9999 -9999 -9999 -9999 -9999 -9999 -9999 -9999 -9999 -9999 -9999 -9999 -9999 -9999 -9999 36 46 37 37 35 35 34 34 37 40 36 33 33 31 31 31 32 30 28 29 32 40 52 64 63 53 44 38 35 33 35 36 38 39 39 39 40 42 43 45 46 44 44 45 46 47 50 53 53 53 55 55 57 59 61 60 58 57 61 64 66 66 68 69 71 75 78 78 77 76 78 82 89 108 140 148
-9999 -9999 -9999 -9999 -9999 -9999 -9999 -9999 -9999 -9999 -9999 -9999 -9999 -9999 -9999 37 51 40 34 34 32 32 31 30 31 31 30 30 29 29 29 30 31 31 32 33 37 42 45 44 40 36 35 35 33 34 35 38 38 38 38 40 40 42 44 45 45 43 42 45 47 51 53 54 54 56 58 57 58 60 59 56 56 62 66 67 68 69 70 72 74 77 77 77 78 79 82 91 112 152 174
-9999 -9999 -9999 -9999 -9999 -9999 -9999 -9999 -9999 -9999 -9999 -9999 -9999 -9999 49 48 45 40 34 31 31 29 26 24 25 26 27 28 28 27 28 29 31 32 31 30 32 36 37 35 32 31 33 34 32 32 34 35 38 38 40 39 39 41 41 43 45 44 45 47 49 52 53 53 52 52 55 55 56 58 58 59 60 62 67 68 70 72 72 71 72 74 76 77 78 78 81 89 101 123 135
-9999 -9999 -9999 -9999 -9999 -9999 -9999 -9999 -9999 -9999 -9999 -9999 -9999 -9999 89 59 38 34 31 30 28 25 23 22 22 22 23 22 24 27 27 28 28 29 30 30 31 32 33 34 32 31 31 33 33 33 33 34 35 37 38 38 37 39 41 43 45 46 48 50 51 51 52 53 49 51 53 54 56 60 62 64 66 67 68 68 71 72 73 73 73 74 75 74 74 76 81 85 91 101 108
-9999 -9999 -9999 -9999 -9999 -9999 -9999 -9999 -9999 -9999 -9999 -9999 -9999 -9999 116 61 38 32 30 28 26 24 22 19 19 18 19 20 22 23 24 26 28 30 30 30 28 28 29 30 31 30 30 33 33 32 32 34 36 35 35 35 37 40 43 45 45 48 51 51 51 50 50 49 48 51 55 57 59 63 65 67 69 71 70 69 69 73 74 73 73 74 75 75 75 77 83 87 91 96 98
-9999 -9999 -9999 -9999 -9999 -9999 -9999 -9999 -9999 -9999 -9999 -9999 -9999 142 140 109 61 36 31 27 27 25 22 19 19 19 19 19 21 22 27 28 28 29 31 29 26 24 26 28 29 30 33 33 32 31 31 33 35 38 36 36 39 40 42 43 46 48 50 50 50 50 50 51 51 53 57 58 58 64 66 68 70 73 73 72 72 73 73 74 74 75 76 77 79 83 86 93 102 108 107
-9999 -9999 -9999 -9999 -9999 -9999 -9999 -9999 -9999 -9999 -9999 -9999 -9999 147 153 110 55 38 33 30 28 25 22 20 19 19 19 19 20 23 27 27 26 27 28 28 26 24 26 29 31 31 32 32 31 31 33 33 35 38 38 37 39 40 41 42 45 47 48 48 48 48 52 53 54 54 55 57 59 62 66 70 74 74 74 73 74 74 73 73 76 77 79 80 83 85 89 101 119 139 140
-9999 -9999 -9999 -9999 -9999 -9999 -9999 -9999 -9999 -9999 -9999 -9999 -9999 121 144 133 61 41 36 32 30 28 25 22 20 19 17 20 20 24 25 24 24 27 28 29 28 27 27 30 31 33 34 34 34 35 33 34 37 40 39 37 36 37 39 42 43 45 47 49 50 51 54 56 56 55 57 57 60 62 66 70 71 74 73 72 74 75 75 76 78 80 81 82 84 86 91 104 135 176 199
-9999 -9999 -9999 -9999 -9999 -9999 -9999 -9999 -9999 -9999 -9999 -9999 -9999 97 134 146 69 44 39 35 33 30 27 25 23 21 20 20 22 24 24 24 24 27 28 29 29 29 29 30 32 34 36 35 36 36 36 37 38 40 41 38 35 34 37 39 41 45 47 51 52 54 56 57 59 60 58 58 59 61 65 67 69 72 72 74 75 76 78 79 82 85 86 86 86 89 94 106 135 174 195
-9999 -9999 -9999 -9999 -9999 -9999 -9999 -9999 -9999 -9999 -9999 -9999 111 132 139 132 81 49 42 39 37 33 30 27 26 23 23 21 23 24 24 24 25 27 28 29 28 30 30 32 34 36 37 38 37 38 36 36 35 36 38 38 37 37 37 38 42 47 50 51 52 52 56 58 59 59 59 58 59 60 64 67 69 72 75 75 78 78 80 82 84 87 88 89 91 92 96 107 126 147 155
-9999 -9999 -9999 -9999 -9999 -9999 -9999 -9999 -9999 -9999 -9999 -9999 118 157 149 115 77 51 43 44 40 33 31 29 28 26 23 23 24 24 24 24 25 27 28 29 29 30 31 31 34 36 37 38 37 37 36 34 34 35 37 37 37 38 37 38 40 45 49 53 53 53 54 58 58 57 58 58 59 63 66 67 70 74 76 79 81 80 82 84 87 89 92 94 94 97 99 105 115 125 130
-9999 -9999 -9999 -9999 -9999 -9999 -9999 -9999 -9999 -9999 -9999 -9999 111 138 154 140 73 52 47 45 38 31 30 29 26 26 24 24 24 24 24 25 25 27 27 27 29 31 31 30 31 33 34 35 35 35 35 34 34 35 36 37 38 39 40 40 41 44 48 52 52 54 55 56 57 57 57 58 60 62 67 67 71 75 78 80 82 83 83 87 90 94 97 99 102 103 103 106 111 116 123
-9999 -9999 -9999 -9999 -9999 -9999 -9999 -9999 -9999 -9999 -9999 -9999 142 130 103 103 51 47 45 43 36 30 28 27 26 26 25 25 25 25 25 25 25 25 27 29 29 31 31 30 30 30 30 32 35 35 35 36 36 35 36 37 38 41 44 45 44 47 50 53 53 54 57 59 57 57 59 59 61 65 68 70 72 77 81 82 84 86 87 88 93 97 100 103 106 108 109 112 114 117 121
-9999 -9999 -9999 -9999 -9999 -9999 -9999 -9999 -9999 -9999 -9999 -9999 128 78 60 82 78 43 47 41 36 32 29 26 25 25 24 24 25 25 24 24 25 26 27 28 29 30 31 32 31 30 30 31 32 34 35 37 37 37 36 35 38 41 45 48 48 50 53 53 54 57 57 58 59 59 60 61 65 68 71 72 76 81 84 84 86 88 90 92 97 100 102 105 108 111 113 115 115 117 121
-9999 -9999 -9999 -9999 -9999 -9999 -9999 -9999 -9999 -9999 -9999 -9999 105 45 41 54 43 44 49 45 37 33 28 26 24 24 23 24 23 25 25 24 24 24 24 27 28 30 31 32 30 30 31 32 33 33 35 40 40 40 37 36 38 41 46 48 50 51 53 54 56 57 59 60 61 63 66 67 68 71 72 74 81 91 95 88 89 91 93 94 97 100 103 107 110 114 115 116 119 119 121
-9999 -9999 -9999 -9999 -9999 -9999 -9999 -9999 -9999 -9999 -9999 -9999 73 44 39 42 41 47 73 46 33 32 27 26 23 22 23 23 23 23 24 24 23 23 23 24 27 30 31 30 29 29 31 32 33 33 34 37 38 40 37 38 39 42 46 49 52 52 54 56 56 57 60 64 66 71 75 73 72 73 73 75 85 105 109 90 89 92 94 94 97 99 104 109 113 115 117 120 122 124 125
-9999 -9999 -9999 -9999 -9999 -9999 -9999 -9999 -9999 -9999 -9999 -9999 39 57 58 48 43 46 83 59 29 27 24 24 21 21 21 23 23 23 23 22 21 21 22 22 25 28 30 31 30 30 32 34 34 33 35 37 38 37 37 37 39 42 46 49 51 54 54 56 55 58 64 73 82 85 84 79 74 73 74 76 83 94 96 89 90 94 97 98 99 101 106 110 114 118 119 120 124 128 130
-9999 -9999 -9999 -9999 -9999 -9999 -9999 -9999 -9999 -9999 -9999 -9999 41 50 59 48 37 38 46 40 31 27 23 23 21 19 20 22 22 23 24 24 22 20 20 22 25 26 28 28 28 31 34 37 39 38 39 40 40 38 38 39 41 43 47 51 52 52 54 55 54 56 62 75 95 102 86 79 74 73 75 76 82 87 86 86 91 99 101 103 106 107 109 114 118 122 123 126 129 133 136
-9999 -9999 -9999 -9999 -9999 -9999 -9999 -9999 -9999 -9999 -9999 -9999 76 67 36 35 37 36 34 34 31 26 23 21 19 19 19 21 21 23 24 24 23 20 19 22 23 25 26 28 28 29 34 37 39 39 39 40 40 39 39 41 42 46 50 53 53 53 55 56 56 58 62 73 84 84 74 73 74 74 74 75 81 87 87 90 95 102 104 107 111 113 116 119 124 126 130 132 136 139 143
-9999 -9999 -9999 -9999 -9999 -9999 -9999 -9999 -9999 -9999 -9999 -9999 78 45 90 42 42 54 43 36 31 26 23 20 19 19 19 21 21 23 24 24 23 23 22 22 24 25 27 27 28 29 31 33 36 37 39 40 40 42 42 42 44 48 52 54 55 55 57 60 60 60 62 70 74 73 70 71 73 73 76 79 84 88 88 93 98 105 110 112 115 118 120 125 129 132 135 138 142 145 147
-9999 -9999 -9999 -9999 -9999 -9999 -9999 -9999 -9999 -9999 -9999 -9999 32 27 74 98 47 73 69 51 39 34 27 24 21 20 21 22 22 23 23 22 24 25 23 23 23 25 27 27 28 28 29 31 34 37 38 40 43 44 44 46 48 50 53 55 55 57 58 61 62 62 64 68 71 72 72 73 73 74 79 84 90 92 93 96 101 107 112 116 120 124 127 130 134 138 142 143 144 146 150
-9999 -9999 -9999 -9999 -9999 -9999 -9999 -9999 -9999 -9999 -9999 43 21 22 26 100 66 57 84 64 50 43 37 28 24 22 22 23 24 24 24 24 25 25 25 25 25 25 26 26 26 26 29 30 33 36 40 41 44 46 47 49 51 52 54 56 57 58 60 61 62 63 66 69 71 74 76 78 78 78 84 88 92 94 99 100 103 109 115 120 125 129 133 137 140 143 145 147 148 148 154
-9999 -9999 -9999 -9999 -9999 -9999 -9999 -9999 -9999 -9999 -9999 28 21 21 23 33 67 48 55 60 54 51 47 35 30 26 26 24 24 25 25 25 27 27 25 25 25 25 26 26 26 27 29 31 34 37 40 44 46 50 49 49 50 52 53 56 58 60 60 63 63 65 68 71 71 75 81 85 84 85 90 93 92 95 101 103 105 112 119 124 130 135 139 144 147 148 150 154 154 156 161
-9999 -9999 -9999 -9999 -9999 -9999 -9999 -9999 -9999 -9999 90 37 22 21 21 51 104 67 58 56 57 53 45 36 34 30 28 26 27 28 28 28 28 26 25 25 25 24 23 23 26 29 29 31 34 37 41 43 46 48 48 49 50 52 55 57 59 60 62 62 64 65 68 72 73 77 85 88 89 91 93 94 93 98 104 107 110 115 123 129 134 140 146 152 154 156 156 159 163 165 167
-9999 -9999 -9999 -9999 -9999 -9999 -9999 -9999 -9999 -9999 131 76 27 22 22 26 38 78 75 72 57 48 41 36 32 29 29 30 31 30 30 30 29 26 25 24 24 23 25 26 26 29 31 33 35 39 43 42 44 47 48 49 52 53 55 56 59 59 62 65 66 67 70 74 77 80 85 89 90 93 95 97 100 105 109 112 115 118 122 130 136 143 148 154 158 160 163 166 168 171 174
-9999 -9999 -9999 -9999 -9999 -9999 -9999 -9999 -9999 152 121 80 36 25 27 30 44 107 101 59 54 47 36 32 31 30 30 33 33 31 31 30 28 26 25 25 25 25 26 27 29 31 32 34 37 41 43 45 46 46 47 50 53 56 56 56 59 60 64 66 67 70 74 78 80 84 89 93 94 95 97 103 106 109 114 118 122 122 125 133 141 146 150 152 159 164 166 171 174 177 179
-9999 -9999 -9999 -9999 -9999 -9999 -9999 -9999 -9999 135 127 95 50 33 31 34 57 121 81 54 46 43 58 38 30 32 32 34 31 29 28 28 26 25 25 25 26 29 29 30 31 33 35 37 40 43 45 47 47 47 49 51 53 55 56 56 59 61 66 67 70 72 77 81 84 87 91 94 96 97 99 105 108 112 119 124 127 130 134 141 147 155 158 157 160 164 169 176 179 180 183
-9999 -9999 -9999 -9999 -9999 -9999 -9999 -9999 -9999 91 127 107 79 45 37 48 95 115 63 54 52 48 46 57 46 38 31 27 27 26 25 26 25 25 26 28 30 32 31 31 33 36 37 40 42 43 47 49 51 52 54 54 55 56 58 59 61 64 68 70 71 75 79 83 85 87 92 96 98 101 105 108 108 115 124 129 133 138 144 149 154 160 163 165 167 170 177 181 184 185 186
-9999 -9999 -9999 -9999 -9999 -9999 -9999 -9999 81 75 114 116 91 51 46 65 116 97 56 43 37 32 26 35 40 38 31 26 25 26 26 27 28 29 31 30 30 31 31 30 32 36 38 40 42 44 47 51 53 55 56 56 55 56 58 62 64 67 70 71 71 75 82 85 88 90 95 98 102 105 110 115 117 122 129 136 141 146 153 156 161 167 170 173 176 182 185 187 190 190 192
-9999 -9999 -9999 -9999 -9999 -9999 -9999 -9999 70 70 98 110 81 51 44 78 131 84 54 36 27 23 24 35 36 31 28 25 25 25 25 27 28 30 31 32 31 32 30 30 33 37 39 41 42 45 49 52 55 56 55 55 57 59 61 63 66 68 70 73 74 78 83 87 91 93 97 102 106 110 116 121 125 128 134 141 148 153 159 164 169 174 177 180 184 190 191 192 195 198 198
-9999 -9999 -9999 -9999 -9999 -9999 -9999 -9999 74 73 81 92 56 48 45 53 88 85 71 30 26 24 24 25 25 26 26 24 23 23 24 24 27 30 31 32 32 32 32 33 36 39 42 43 43 44 48 53 53 53 54 55 59 61 63 63 65 67 68 72 73 77 82 88 93 96 99 104 110 113 118 124 128 131 138 145 152 157 163 171 179 183 188 190 192 195 197 197 201 206 210
-9999 -9999 -9999 -9999 -9999 -9999 -9999 -9999 85 62 46 43 39 42 57 77 110 79 51 33 29 26 23 23 24 23 22 23 22 22 23 24 26 29 32 33 33 34 33 35 38 39 42 42 41 42 45 48 51 52 54 57 62 62 63 65 65 67 70 73 73 75 82 88 94 99 101 106 112 117 123 127 130 134 142 149 156 162 170 180 187 190 193 194 196 201 204 206 210 218 219
-9999 -9999 -9999 -9999 -9999 -9999 -9999 82 104 101 104 61 36 47 77 120 83 53 37 33 30 30 27 27 26 24 24 22 23 22 23 24 26 30 32 33 34 35 36 36 37 40 42 42 41 40 43 47 51 53 56 58 61 63 64 66 67 69 73 75 76 79 83 89 97 102 104 110 114 120 126 130 134 139 145 153 160 169 177 185 190 194 198 197 200 206 212 217 223 225 226
