Project_folder/Species_1/M_variables/Set_3/bio_17.asc
ncols         249
nrows         150
xllcorner     -108.16666292027
yllcorner     24.666671082377
cellsize      0.16666667535901
NODATA_value  -9999
[rows 0 to 40 of 150, columns 0 to 90 of 249]
-9999 -9999 -9999 -9999 -9999 -9999 -9999 -9999 -9999 -9999 -9999 -9999 -9999 -9999 -9999 -9999 -9999 -9999 -9999 -9999 -9999 -9999 -9999 -9999 -9999 -9999 -9999 -9999 -9999 -9999 -9999 -9999 -9999 -9999 -9999 -9999 -9999 -9999 -9999 -9999 -9999 -9999 -9999 -9999 -9999 -9999 -9999 -9999 -9999 -9999 -9999 -9999 -9999 -9999 -9999 -9999 -9999 -9999 -9999 -9999 -9999 -9999 -9999 -9999 -9999 -9999 -9999 -9999 -9999 -9999 -9999 -9999 -9999 -9999 -9999 -9999 -9999 -9999 -9999 -9999 -9999 -9999 -9999 -9999 -9999 -9999 -9999 -9999 -9999 -9999 -9999
-9999 -9999 -9999 -9999 -9999 -9999 -9999 -9999 -9999 -9999 -9999 -9999 -9999 -9999 -9999 -9999 -9999 -9999 -9999 -9999 -9999 -9999 -9999 -9999 -9999 -9999 -9999 -9999 -9999 -9999 -9999 -9999 -9999 -9999 -9999 -9999 -9999 -9999 -9999 -9999 -9999 -9999 -9999 -9999 -9999 -9999 -9999 -9999 -9999 -9999 -9999 -9999 -9999 -9999 -9999 -9999 -9999 -9999 -9999 -9999 -9999 -9999 -9999 -9999 -9999 -9999 -9999 -9999 -9999 -9999 -9999 -9999 -9999 -9999 -9999 -9999 61 60 60 62 64 -9999 -9999 -9999 -9999 -9999 -9999 -9999 -9999 -9999 -9999
-9999 -9999 -9999 -9999 -9999 -9999 -9999 -9999 -9999 -9999 -9999 -9999 -9999 -9999 -9999 -9999 -9999 -9999 -9999 -9999 -9999 -9999 -9999 -9999 -9999 -9999 -9999 -9999 -9999 -9999 -9999 -9999 -9999 -9999 -9999 -9999 -9999 -9999 -9999 -9999 -9999 -9999 -9999 -9999 -9999 -9999 -9999 -9999 -9999 -9999 -9999 -9999 -9999 -9999 -9999 -9999 -9999 -9999 -9999 -9999 -9999 -9999 -9999 -9999 -9999 -9999 -9999 -9999 -9999 -9999 -9999 -9999 -9999 -9999 -9999 -9999 59 57 57 58 61 63 -9999 -9999 -9999 -9999 -9999 -9999 -9999 -9999 -9999
-9999 -9999 -9999 -9999 -9999 -9999 -9999 -9999 -9999 -9999 -9999 -9999 -9999 -9999 -9999 -9999 -9999 -9999 -9999 -9999 -9999 -9999 -9999 -9999 -9999 -9999 -9999 -9999 -9999 -9999 -9999 -9999 -9999 -9999 -9999 -9999 -9999 -9999 -9999 -9999 39 45 42 40 40 40 42 42 41 40 41 41 41 41 44 45 43 41 44 48 51 49 47 47 49 55 56 54 52 49 48 50 52 55 58 59 55 52 52 54 56 60 -9999 -9999 -9999 -9999 -9999 -9999 -9999 -9999 -9999
-9999 -9999 -9999 -9999 -9999 -9999 -9999 -9999 -9999 -9999 -9999 -9999 -9999 -9999 -9999 -9999 -9999 -9999 -9999 -9999 -9999 -9999 -9999 -9999 -9999 -9999 -9999 -9999 -9999 -9999 -9999 -9999 -9999 -9999 -9999 -9999 -9999 -9999 -9999 -9999 35 38 36 36 37 37 39 39 38 38 39 39 38 38 41 40 37 37 41 42 45 44 41 41 44 47 50 50 49 46 46 47 48 50 51 53 49 46 48 49 52 57 64 -9999 -9999 -9999 -9999 -9999 -9999 -9999 -9999
-9999 -9999 -9999 -9999 -9999 -9999 -9999 -9999 -9999 -9999 -9999 -9999 -9999 -9999 -9999 -9999 -9999 -9999 -9999 -9999 -9999 -9999 -9999 -9999 -9999 -9999 -9999 -9999 -9999 -9999 -9999 -9999 -9999 -9999 -9999 -9999 -9999 -9999 -9999 33 36 36 36 36 36 35 34 34 35 35 37 37 38 38 38 38 35 35 36 39 42 41 38 39 41 44 45 46 46 45 44 44 46 47 47 47 46 45 45 46 48 53 63 67 66 66 68 70 72 73 76
-9999 -9999 -9999 -9999 -9999 -9999 -9999 -9999 -9999 -9999 -9999 -9999 -9999 -9999 -9999 -9999 -9999 -9999 -9999 -9999 -9999 -9999 -9999 -9999 -9999 -9999 -9999 -9999 -9999 -9999 -9999 -9999 -9999 -9999 -9999 -9999 -9999 -9999 -9999 37 38 39 38 36 36 35 35 33 35 35 37 38 38 38 38 37 35 34 34 36 39 39 38 39 40 42 44 44 46 45 43 44 44 44 45 45 45 44 44 46 47 52 60 63 63 62 65 67 68 68 72
-9999 -9999 -9999 -9999 -9999 -9999 -9999 -9999 -9999 -9999 -9999 -9999 -9999 -9999 -9999 -9999 -9999 -9999 -9999 -9999 -9999 -9999 -9999 -9999 -9999 -9999 -9999 -9999 -9999 -9999 -9999 -9999 -9999 -9999 -9999 -9999 -9999 -9999 -9999 38 42 42 40 38 36 36 36 36 34 36 37 39 40 39 38 37 35 32 32 36 39 39 41 40 40 42 44 47 47 45 44 43 43 42 43 43 43 43 43 44 46 51 56 60 61 61 63 63 65 66 69
-9999 -9999 -9999 -9999 -9999 -9999 -9999 -9999 -9999 -9999 -9999 -9999 -9999 -9999 -9999 -9999 -9999 -9999 -9999 -9999 -9999 -9999 -9999 -9999 -9999 -9999 -9999 -9999 -9999 -9999 -9999 -9999 -9999 -9999 -9999 -9999 -9999 -9999 42 41 42 42 41 38 38 36 36 36 35 36 37 39 40 40 39 38 35 34 33 36 39 41 41 40 41 43 45 47 47 45 45 43 42 42 43 43 43 43 43 43 46 49 53 57 59 61 62 63 64 64 66
-9999 -9999 -9999 -9999 -9999 -9999 -9999 -9999 -9999 -9999 -9999 -9999 -9999 -9999 -9999 -9999 -9999 -9999 -9999 -9999 -9999 -9999 -9999 -9999 -9999 -9999 -9999 -9999 -9999 -9999 -9999 -9999 -9999 -9999 -9999 -9999 -9999 -9999 41 41 41 41 40 39 38 36 36 35 35 36 37 38 39 39 39 39 38 35 36 38 39 41 43 42 42 44 46 45 45 43 43 43 43 43 44 44 43 43 43 43 45 49 52 56 58 59 61 62 62 64 65
-9999 -9999 -9999 -9999 -9999 -9999 -9999 -9999 -9999 -9999 -9999 -9999 -9999 -9999 -9999 -9999 -9999 -9999 -9999 -9999 -9999 -9999 -9999 -9999 -9999 -9999 -9999 -9999 -9999 -9999 -9999 -9999 -9999 -9999 -9999 -9999 -9999 -9999 39 38 39 39 40 40 37 35 35 35 35 35 37 37 38 39 39 38 37 36 37 38 40 42 43 42 43 45 45 44 44 42 43 43 44 45 45 44 44 43 42 43 46 49 54 57 58 59 59 60 61 63 64
-9999 -9999 -9999 -9999 -9999 -9999 -9999 -9999 -9999 -9999 -9999 -9999 -9999 -9999 -9999 -9999 -9999 -9999 -9999 -9999 -9999 -9999 -9999 -9999 -9999 -9999 -9999 -9999 -9999 -9999 -9999 -9999 -9999 -9999 -9999 -9999 -9999 35 35 35 34 36 37 38 38 37 35 35 35 35 37 39 39 39 38 38 37 36 37 38 39 42 42 42 44 43 44 43 41 41 43 44 46 46 47 47 47 46 44 46 48 52 54 57 58 59 59 59 60 60 61
-9999 -9999 -9999 -9999 -9999 -9999 -9999 -9999 -9999 -9999 -9999 -9999 -9999 -9999 -9999 -9999 -9999 -9999 -9999 -9999 -9999 -9999 -9999 -9999 -9999 -9999 -9999 -9999 -9999 -9999 -9999 -9999 -9999 -9999 -9999 -9999 -9999 34 33 32 31 34 37 38 38 38 37 35 35 35 36 39 38 38 38 38 38 39 38 38 39 42 41 42 43 43 42 41 42 43 45 47 49 48 48 49 50 49 48 47 51 54 55 57 58 59 58 58 59 59 59
-9999 -9999 -9999 -9999 -9999 -9999 -9999 -9999 -9999 -9999 -9999 -9999 -9999 -9999 -9999 -9999 -9999 -9999 -9999 -9999 -9999 -9999 -9999 -9999 -9999 -9999 -9999 -9999 -9999 -9999 -9999 -9999 -9999 -9999 -9999 -9999 -9999 33 32 31 30 33 36 37 37 37 37 35 35 34 35 35 35 35 37 37 37 38 38 38 38 41 41 41 42 42 40 40 42 46 48 49 51 51 51 51 54 54 52 51 53 55 55 56 58 59 58 59 59 58 57
-9999 -9999 -9999 -9999 -9999 -9999 -9999 -9999 -9999 -9999 -9999 -9999 -9999 -9999 -9999 -9999 -9999 -9999 -9999 -9999 -9999 -9999 -9999 -9999 -9999 -9999 -9999 -9999 -9999 -9999 -9999 -9999 -9999 -9999 -9999 -9999 -9999 32 32 31 33 33 33 34 36 36 36 35 33 33 33 33 31 29 31 34 37 39 39 39 38 39 39 39 39 39 39 40 43 46 49 49 52 54 54 54 56 57 55 55 56 56 56 54 56 58 59 59 58 58 57
-9999 -9999 -9999 -9999 -9999 -9999 -9999 -9999 -9999 -9999 -9999 -9999 -9999 -9999 -9999 -9999 -9999 -9999 -9999 -9999 -9999 -9999 -9999 -9999 -9999 -9999 -9999 -9999 -9999 -9999 -9999 -9999 -9999 -9999 -9999 -9999 -9999 33 33 33 33 34 34 32 35 37 36 35 33 31 31 30 28 25 29 32 36 38 39 38 38 38 38 38 37 37 38 41 43 45 46 48 50 52 54 54 56 56 55 55 56 56 57 57 58 58 59 59 58 57 58
-9999 -9999 -9999 -9999 -9999 -9999 -9999 -9999 -9999 -9999 -9999 -9999 -9999 -9999 -9999 -9999 -9999 -9999 -9999 -9999 -9999 -9999 -9999 -9999 -9999 -9999 -9999 -9999 -9999 -9999 -9999 -9999 -9999 -9999 -9999 -9999 -9999 33 33 34 34 34 32 32 35 38 37 35 34 33 31 30 28 26 28 32 36 38 39 38 38 38 36 36 36 35 38 40 42 43 44 44 47 49 52 54 55 55 53 55 55 58 58 58 58 59 59 58 57 57 59
-9999 -9999 -9999 -9999 -9999 -9999 -9999 -9999 -9999 -9999 -9999 -9999 -9999 -9999 -9999 -9999 -9999 -9999 -9999 -9999 -9999 -9999 -9999 -9999 -9999 -9999 -9999 -9999 -9999 -9999 -9999 -9999 -9999 -9999 -9999 -9999 31 31 31 31 31 31 30 31 35 37 35 34 33 33 32 31 29 28 28 31 33 36 37 38 38 36 36 35 34 34 36 40 41 42 42 44 46 48 52 54 55 55 54 55 55 57 57 59 60 60 60 58 57 59 61
-9999 -9999 -9999 -9999 -9999 -9999 -9999 -9999 -9999 -9999 -9999 -9999 -9999 -9999 -9999 -9999 -9999 -9999 -9999 -9999 -9999 -9999 -9999 -9999 -9999 -9999 -9999 -9999 -9999 -9999 -9999 -9999 -9999 -9999 -9999 -9999 30 29 29 29 29 29 30 30 33 33 33 33 33 34 34 31 30 29 29 31 33 35 38 37 37 36 36 35 35 35 36 38 41 42 42 45 46 50 53 56 56 55 55 55 57 57 57 57 59 60 59 59 60 61 63
-9999 -9999 -9999 -9999 -9999 -9999 -9999 -9999 -9999 -9999 -9999 -9999 -9999 -9999 -9999 -9999 -9999 -9999 -9999 -9999 -9999 -9999 -9999 -9999 -9999 -9999 -9999 -9999 -9999 -9999 -9999 -9999 -9999 -9999 -9999 -9999 29 29 26 27 27 26 27 27 29 30 31 32 33 33 33 30 30 30 32 33 34 36 37 37 36 36 36 36 34 34 37 39 40 42 42 45 48 51 54 56 57 56 56 57 57 58 56 55 58 59 60 60 61 62 64
-9999 -9999 -9999 -9999 -9999 -9999 -9999 -9999 -9999 -9999 -9999 -9999 -9999 -9999 -9999 -9999 -9999 -9999 -9999 -9999 -9999 -9999 -9999 -9999 -9999 -9999 -9999 -9999 -9999 -9999 -9999 -9999 -9999 -9999 -9999 -9999 29 27 26 25 25 26 26 26 27 27 29 31 31 30 30 30 30 30 33 36 34 36 38 38 37 36 36 35 35 36 39 40 40 42 42 45 50 50 53 55 58 58 59 59 59 58 56 56 58 59 59 60 61 63 66
-9999 -9999 -9999 -9999 -9999 -9999 -9999 -9999 -9999 -9999 -9999 -9999 -9999 -9999 -9999 -9999 -9999 -9999 -9999 -9999 -9999 -9999 -9999 -9999 -9999 -9999 -9999 -9999 -9999 -9999 -9999 -9999 -9999 -9999 -9999 -9999 31 27 26 25 25 26 27 27 26 25 29 30 28 27 29 29 29 31 35 38 35 34 38 38 37 37 36 36 36 37 40 42 41 41 42 44 47 49 52 55 56 58 60 63 62 59 55 56 58 59 61 62 63 65 69
-9999 -9999 -9999 -9999 -9999 -9999 -9999 -9999 -9999 -9999 -9999 -9999 -9999 -9999 -9999 -9999 -9999 -9999 -9999 -9999 -9999 -9999 -9999 -9999 -9999 -9999 -9999 -9999 -9999 -9999 -9999 -9999 -9999 -9999 -9999 -9999 34 31 27 26 26 27 29 28 29 28 29 29 27 26 28 28 29 31 34 37 35 34 35 37 36 35 35 35 37 38 39 41 41 41 42 45 47 47 50 53 54 57 59 62 61 59 55 55 58 61 63 64 64 66 69
-9999 -9999 -9999 -9999 -9999 -9999 -9999 -9999 -9999 -9999 -9999 -9999 -9999 -9999 -9999 -9999 -9999 -9999 -9999 -9999 -9999 -9999 -9999 -9999 -9999 -9999 -9999 -9999 -9999 -9999 -9999 -9999 -9999 -9999 -9999 -9999 30 29 27 26 26 27 29 29 30 30 31 30 28 27 27 28 28 31 34 34 34 35 35 36 35 35 34 37 38 38 39 40 41 43 45 45 48 49 50 51 52 54 57 59 60 60 57 58 59 63 65 66 65 66 68
-9999 -9999 -9999 -9999 -9999 -9999 -9999 -9999 -9999 -9999 -9999 -9999 -9999 -9999 -9999 -9999 -9999 -9999 -9999 -9999 -9999 -9999 -9999 -9999 -9999 -9999 -9999 -9999 -9999 -9999 -9999 -9999 -9999 -9999 -9999 -9999 29 29 27 27 28 30 31 31 32 31 31 31 29 28 29 28 28 31 31 33 35 36 36 36 36 35 36 37 37 38 38 40 41 42 45 46 49 50 51 50 50 53 56 58 58 59 61 59 58 64 68 68 67 65 68
-9999 -9999 -9999 -9999 -9999 -9999 -9999 -9999 -9999 -9999 -9999 -9999 -9999 -9999 -9999 -9999 -9999 -9999 -9999 -9999 -9999 -9999 -9999 -9999 -9999 -9999 -9999 -9999 -9999 -9999 -9999 -9999 -9999 -9999 -9999 -9999 28 29 29 30 30 32 32 32 33 32 32 32 32 31 30 29 29 30 31 32 34 37 37 36 36 36 38 39 38 36 37 39 40 41 45 47 50 52 52 52 52 55 58 59 60 60 60 61 61 64 69 68 69 68 69
-9999 -9999 -9999 -9999 -9999 -9999 -9999 -9999 -9999 -9999 -9999 -9999 -9999 -9999 -9999 -9999 -9999 -9999 -9999 -9999 -9999 -9999 -9999 -9999 -9999 -9999 -9999 -9999 -9999 -9999 -9999 -9999 -9999 -9999 -9999 -9999 26 27 27 28 30 31 32 32 32 33 33 32 33 32 31 30 29 30 32 32 34 35 36 34 34 36 39 41 39 36 36 39 39 41 44 46 49 52 54 54 56 57 59 60 60 60 60 62 62 65 67 67 69 69 70
-9999 -9999 -9999 -9999 -9999 -9999 -9999 -9999 -9999 -9999 -9999 -9999 -9999 -9999 -9999 -9999 -9999 -9999 -9999 -9999 -9999 -9999 -9999 -9999 -9999 -9999 -9999 -9999 -9999 -9999 -9999 -9999 -9999 -9999 26 26 28 28 30 29 30 31 34 35 35 34 33 33 34 34 33 31 31 32 33 33 33 34 34 34 34 35 39 41 41 39 39 40 40 43 45 48 51 54 57 57 57 58 59 59 59 57 59 61 60 62 67 69 69 69 70
-9999 -9999 -9999 -9999 -9999 -9999 -9999 -9999 -9999 -9999 -9999 -9999 -9999 -9999 -9999 -9999 -9999 -9999 -9999 -9999 -9999 -9999 -9999 -9999 -9999 -9999 -9999 -9999 -9999 -9999 -9999 -9999 29 28 26 26 28 29 30 30 31 31 32 32 32 33 34 35 35 35 35 33 34 34 33 33 34 33 34 34 34 34 39 42 41 41 41 43 43 45 47 50 53 56 60 59 58 58 57 56 57 57 57 57 56 60 65 66 67 68 70
-9999 -9999 -9999 -9999 -9999 -9999 -9999 -9999 -9999 -9999 -9999 -9999 -9999 -9999 -9999 -9999 -9999 -9999 -9999 -9999 -9999 -9999 -9999 -9999 -9999 -9999 -9999 -9999 -9999 -9999 -9999 33 30 28 26 27 27 28 28 28 28 30 31 31 31 31 34 37 37 36 34 34 33 33 32 32 32 33 33 34 34 36 41 42 42 42 44 44 44 46 49 53 54 56 58 59 57 57 55 55 56 58 57 57 59 62 62 62 65 69 71
-9999 -9999 -9999 -9999 -9999 -9999 -9999 -9999 -9999 -9999 -9999 -9999 -9999 -9999 -9999 -9999 -9999 -9999 -9999 -9999 -9999 -9999 -9999 -9999 -9999 -9999 -9999 -9999 -9999 -9999 33 32 31 30 29 28 28 29 28 29 30 32 32 31 31 30 31 35 36 35 34 33 33 32 32 32 31 31 33 34 36 37 41 42 44 43 42 41 42 45 47 50 51 53 56 57 56 54 54 54 55 59 59 59 60 61 61 62 66 69 70
-9999 -9999 -9999 -9999 -9999 -9999 -9999 -9999 -9999 -9999 -9999 -9999 -9999 -9999 -9999 -9999 -9999 -9999 -9999 -9999 -9999 -9999 -9999 -9999 -9999 -9999 -9999 -9999 42 37 34 32 30 29 29 28 28 30 31 31 32 32 31 31 31 30 30 36 35 34 33 33 32 32 32 32 31 31 34 37 38 38 41 44 44 43 43 39 38 41 43 46 48 50 54 55 54 52 53 54 55 57 60 61 62 63 65 66 69 70 70
-9999 -9999 -9999 -9999 -9999 -9999 -9999 -9999 -9999 -9999 -9999 -9999 -9999 -9999 -9999 -9999 -9999 -9999 -9999 -9999 -9999 -9999 -9999 -9999 -9999 -9999 -9999 69 45 37 35 33 31 30 29 30 31 32 31 30 30 30 30 31 30 30 33 33 33 30 30 30 30 30 30 32 33 34 35 38 40 40 41 43 45 45 43 38 35 38 42 45 46 49 52 52 51 50 52 53 54 56 58 63 64 66 67 70 71 71 70
-9999 -9999 -9999 -9999 -9999 -9999 -9999 -9999 -9999 -9999 -9999 -9999 -9999 -9999 -9999 -9999 -9999 -9999 -9999 -9999 -9999 -9999 -9999 -9999 -9999 -9999 66 53 38 33 34 34 33 32 29 32 31 31 29 28 28 28 29 29 32 33 33 32 31 30 30 30 27 28 28 31 36 37 37 39 40 40 42 42 46 47 45 40 37 37 42 46 48 50 52 52 52 51 52 52 52 54 59 63 66 67 69 72 72 69 68
-9999 -9999 -9999 -9999 -9999 -9999 -9999 -9999 -9999 -9999 -9999 -9999 -9999 -9999 -9999 -9999 -9999 -9999 -9999 -9999 -9999 -9999 -9999 -9999 -9999 62 62 46 33 31 31 31 30 29 29 30 30 29 28 27 28 28 29 31 33 34 33 32 30 31 32 33 30 30 30 32 37 38 38 41 41 41 41 42 46 48 48 44 41 40 44 47 50 52 52 52 52 52 53 53 52 54 59 63 65 64 64 68 69 69 69
-9999 -9999 -9999 -9999 -9999 -9999 -9999 -9999 -9999 -9999 -9999 -9999 -9999 -9999 -9999 -9999 -9999 -9999 -9999 -9999 -9999 -9999 -9999 -9999 37 44 46 40 32 30 29 29 29 29 28 26 26 26 26 26 26 26 27 29 31 33 33 32 32 33 33 33 33 34 34 35 37 38 41 42 42 41 41 43 45 47 48 45 44 45 48 50 53 53 53 53 53 54 54 55 55 58 62 64 64 60 60 63 67 68 71
-9999 -9999 -9999 -9999 -9999 -9999 -9999 -9999 -9999 -9999 -9999 -9999 -9999 -9999 -9999 -9999 -9999 -9999 -9999 -9999 -9999 -9999 -9999 27 29 32 34 34 31 30 30 29 28 27 26 26 26 26 26 26 26 27 27 28 31 35 35 36 36 36 38 38 39 37 39 40 41 42 44 45 43 42 40 43 45 47 48 48 46 46 50 51 53 53 54 54 53 53 54 55 57 61 63 62 61 61 61 63 65 69 72
-9999 -9999 -9999 -9999 -9999 -9999 -9999 -9999 -9999 -9999 -9999 -9999 -9999 -9999 -9999 -9999 -9999 -9999 -9999 -9999 -9999 -9999 25 25 26 28 30 31 30 30 30 30 27 26 27 27 29 29 26 28 26 27 27 29 31 35 35 36 37 40 42 42 43 41 41 41 42 45 47 47 46 43 42 44 45 48 47 48 48 48 50 51 53 53 54 54 54 54 55 55 58 62 62 61 59 61 64 65 66 69 71
-9999 -9999 -9999 -9999 -9999 -9999 -9999 -9999 -9999 -9999 -9999 -9999 -9999 -9999 -9999 -9999 -9999 -9999 -9999 -9999 -9999 27 24 26 28 28 29 29 32 32 31 28 28 28 28 29 30 30 29 29 29 30 30 29 32 33 35 37 38 40 43 46 48 45 41 41 43 45 49 50 48 46 43 43 46 47 48 49 49 49 51 52 54 55 55 53 52 51 53 56 61 63 63 61 60 63 67 68 69 68 69
-9999 -9999 -9999 -9999 -9999 -9999 -9999 -9999 -9999 -9999 -9999 -9999 -9999 -9999 -9999 -9999 -9999 -9999 -9999 -9999 -9999 30 28 28 28 29 30 32 32 32 32 30 30 29 29 29 29 30 30 30 31 31 30 31 31 32 32 35 37 38 41 44 45 45 42 40 40 42 48 51 49 45 44 43 43 46 47 49 50 50 51 52 54 54 54 52 52 52 53 58 62 64 63 62 63 65 70 69 70 69 70
-9999 -9999 -9999 -9999 -9999 -9999 -9999 -9999 -9999 -9999 -9999 -9999 -9999 -9999 -9999 -9999 -9999 -9999 -9999 -9999 35 36 35 32 30 28 29 31 32 30 30 31 32 32 32 31 29 31 33 33 33 32 32 31 30 29 32 33 36 37 37 41 43 42 40 38 39 41 45 46 43 42 42 44 42 43 45 46 49 50 53 53 54 55 53 52 52 53 55 58 62 64 63 63 64 65 66 68 70 71 70
