Project_folder/Species_1/M_variables/Set_3/bio_17.asc
ncols         249
nrows         150
xllcorner     -108.16666292027
yllcorner     24.666671082377
cellsize      0.16666667535901
NODATA_value  -9999
[rows 82 to 122 of 150, columns 0 to 90 of 249]
-9999 -9999 -9999 -9999 -9999 -9999 -9999 69 92 104 109 62 37 54 120 138 75 42 35 35 32 30 28 29 29 25 24 25 26 25 24 26 29 30 32 34 36 37 38 39 41 41 42 42 42 43 42 45 50 52 54 57 58 62 65 67 70 72 76 78 81 85 89 96 102 105 108 111 116 122 128 134 138 142 150 157 164 172 181 185 188 198 207 210 213 217 222 228 230 234 234
-9999 -9999 -9999 -9999 -9999 -9999 -9999 64 72 90 82 52 50 65 108 109 69 41 34 35 35 32 29 28 28 28 25 26 27 26 27 28 30 31 33 36 38 39 39 40 41 42 43 46 48 49 47 47 49 52 54 57 60 63 67 70 73 75 78 81 83 89 93 98 103 106 109 114 119 125 131 137 143 149 156 161 168 175 181 183 185 202 216 221 223 226 229 234 237 240 246
-9999 -9999 -9999 -9999 -9999 -9999 -9999 46 49 63 45 44 48 62 68 71 53 38 35 36 36 33 28 27 27 28 27 28 29 30 29 30 32 33 35 37 39 41 40 43 44 45 46 48 49 51 49 48 50 53 55 57 63 66 70 74 75 77 80 83 86 91 96 98 101 106 113 119 125 129 134 141 148 152 158 163 170 179 185 188 192 203 216 223 224 227 233 238 243 247 252
-9999 -9999 -9999 -9999 -9999 -9999 -9999 47 47 42 39 46 46 49 60 53 42 37 36 35 34 31 30 30 27 28 29 29 31 30 31 31 34 38 39 39 39 39 40 43 45 46 46 48 49 49 48 48 49 52 54 57 64 71 73 76 78 80 83 88 92 98 100 101 102 109 118 126 131 135 139 145 151 156 162 166 174 182 189 192 197 205 213 212 209 218 231 240 246 252 257
-9999 -9999 -9999 -9999 -9999 -9999 40 40 42 35 73 64 54 46 54 49 38 35 36 37 36 34 31 31 31 29 29 29 31 33 34 35 40 41 43 42 40 40 41 42 43 43 45 48 50 51 49 47 49 52 56 58 66 72 76 79 82 84 87 90 96 101 105 108 112 116 124 130 134 139 141 146 154 162 169 174 180 187 195 200 202 203 198 183 178 201 227 245 252 257 262
-9999 -9999 -9999 -9999 -9999 -9999 37 37 37 36 68 70 47 42 50 47 37 36 36 37 35 35 32 31 29 30 29 28 33 35 35 38 40 41 41 40 39 39 39 40 40 41 44 48 49 49 47 47 50 53 59 63 69 74 78 84 87 88 90 92 97 102 109 116 122 124 128 132 137 141 144 151 160 168 176 182 188 195 204 209 211 202 175 127 146 196 231 248 253 261 263
-9999 -9999 -9999 -9999 -9999 32 32 35 33 36 62 71 46 42 46 43 36 35 36 37 35 34 33 33 33 30 31 33 40 39 38 38 39 40 38 38 37 37 40 39 40 42 43 48 49 49 49 49 50 53 59 65 69 76 89 96 95 95 93 95 98 103 111 121 126 128 130 135 141 145 149 155 165 175 185 190 197 204 212 219 220 213 193 181 192 227 247 259 268 276 279
-9999 -9999 -9999 -9999 -9999 40 35 31 31 36 67 59 45 40 39 37 35 33 34 35 35 34 32 31 32 31 33 35 36 38 37 38 39 38 38 38 38 39 40 42 42 39 42 44 47 46 47 48 52 55 59 64 68 74 88 95 98 96 93 96 100 106 116 123 127 129 131 137 144 147 151 159 169 181 193 199 204 211 222 231 238 237 235 234 243 258 272 282 286 296 302
-9999 -9999 -9999 -9999 35 37 31 29 29 35 67 54 47 42 41 34 34 33 33 34 36 35 32 32 30 28 31 33 35 34 35 37 38 38 38 38 38 39 42 42 43 42 41 42 43 46 47 48 52 57 61 66 69 71 80 86 91 94 95 98 103 109 116 123 127 129 131 137 143 146 153 163 172 187 201 209 212 217 232 244 255 261 264 276 281 290 294 296 300 303 308
-9999 -9999 -9999 -9999 30 30 35 27 27 38 47 56 53 48 42 37 37 33 33 35 35 36 34 33 31 31 30 32 34 33 36 37 38 38 37 38 38 41 43 43 44 45 44 44 46 48 49 51 55 61 65 68 72 73 79 85 91 95 101 107 110 114 118 124 128 132 130 135 142 149 156 166 176 191 204 212 217 225 238 250 263 271 280 293 306 316 315 314 312 307 305
-9999 -9999 -9999 37 37 35 29 27 30 42 46 52 50 51 56 45 38 34 32 33 33 33 33 32 32 31 31 32 33 35 36 36 37 38 38 38 38 41 42 43 43 44 45 45 49 52 52 56 60 64 69 73 74 77 82 89 95 99 105 111 113 117 119 124 129 133 133 136 146 155 164 173 182 193 205 214 221 229 241 254 264 274 285 292 303 313 313 311 306 303 298
-9999 -9999 -9999 31 35 41 34 27 32 39 35 45 48 47 50 44 38 31 30 30 32 31 31 31 31 32 32 32 35 35 36 37 38 38 38 39 40 42 43 42 43 44 47 49 53 55 57 61 64 68 71 74 75 79 87 95 97 101 105 111 115 118 121 126 132 138 142 147 158 163 172 181 190 199 209 220 226 233 243 254 261 270 278 286 293 300 302 303 298 294 291
-9999 -9999 -9999 43 39 38 38 26 28 29 32 45 46 43 47 45 38 32 30 29 29 32 30 30 31 32 33 33 34 35 37 37 39 39 40 40 41 42 42 43 43 44 50 53 55 58 62 65 67 70 74 77 79 83 89 96 99 101 106 111 115 119 124 129 134 139 145 152 160 167 177 186 194 203 212 223 229 235 244 251 259 268 277 281 285 290 294 295 293 291 289
-9999 -9999 37 37 41 22 22 24 26 27 38 44 41 39 53 45 37 32 31 29 29 30 30 30 32 32 33 33 33 34 35 37 39 40 41 39 35 39 42 42 45 50 53 56 58 62 64 67 70 73 76 79 82 84 90 95 99 102 107 113 118 120 126 132 138 144 150 156 159 167 178 189 198 205 214 223 231 239 247 254 262 271 273 274 277 277 285 291 292 289 287
-9999 -9999 38 30 42 21 20 23 25 27 37 34 34 42 54 49 51 43 31 29 30 30 29 31 31 32 33 33 31 32 34 39 40 42 43 38 32 37 42 45 48 53 54 57 59 62 65 69 71 74 78 82 84 86 91 95 99 104 109 113 118 122 128 132 140 148 155 159 164 171 183 194 202 208 217 225 233 240 249 259 263 265 265 265 265 266 275 284 288 287 285
-9999 -9999 38 30 22 20 21 24 26 31 31 27 34 52 73 53 41 36 33 30 30 30 30 31 31 32 33 32 31 33 36 39 41 43 43 39 37 40 45 47 49 52 55 57 59 63 65 68 70 75 79 83 85 89 93 98 101 105 110 113 117 122 126 133 141 150 160 166 166 174 188 199 204 211 221 229 233 240 246 251 256 257 258 259 257 259 266 276 282 282 280
-9999 52 39 25 22 21 22 26 36 34 25 26 31 47 62 62 49 39 35 31 30 30 30 30 31 31 34 32 33 34 36 39 42 43 42 42 41 44 48 49 50 52 54 58 60 63 66 67 71 77 82 84 89 92 95 100 104 108 112 114 117 122 127 136 143 153 160 165 169 178 191 203 208 215 226 233 233 234 238 242 244 245 246 247 251 256 261 269 274 277 275
-9999 55 41 27 22 22 23 24 33 28 23 25 29 42 65 64 53 40 35 31 30 30 30 29 30 31 33 34 34 34 37 39 42 41 41 41 43 45 48 50 52 52 54 58 61 65 68 69 72 78 83 87 92 95 99 103 106 110 115 117 120 125 131 137 145 152 156 161 171 180 190 201 207 217 225 227 227 226 228 230 232 235 237 238 244 253 258 265 268 272 272
-9999 44 44 25 21 22 23 22 27 29 21 23 25 39 69 61 50 40 33 30 29 28 28 29 30 31 33 33 34 34 36 39 41 40 38 40 41 43 47 49 51 54 56 59 62 67 70 72 75 81 84 90 96 98 101 105 109 115 118 120 121 130 136 139 144 152 154 161 171 180 190 201 210 213 216 215 215 218 219 221 225 228 230 233 239 247 257 261 265 270 275
-9999 32 32 24 20 18 21 21 23 29 21 21 23 36 64 59 47 37 31 29 29 28 28 29 29 31 31 32 31 32 35 39 41 40 39 40 41 42 45 48 50 52 55 58 64 68 73 74 79 84 88 92 98 100 102 106 112 118 124 125 122 131 140 141 141 149 155 161 172 182 194 201 206 207 205 205 207 211 217 221 224 224 227 232 237 243 250 255 260 267 272
-9999 22 26 20 18 21 20 20 22 27 22 21 23 25 40 44 37 31 29 27 26 29 28 29 29 29 31 30 31 31 35 37 38 40 39 39 41 43 46 48 51 53 55 58 65 71 74 77 79 83 86 91 96 100 103 107 115 120 124 126 128 130 137 141 144 149 157 167 176 186 188 191 197 201 201 199 201 207 213 221 227 229 233 237 239 242 241 246 253 261 270
22 19 18 17 18 19 21 21 21 27 21 21 22 24 28 27 27 23 24 24 24 27 29 29 29 29 30 31 30 32 33 35 35 36 37 40 43 46 47 49 52 53 56 60 66 73 76 79 80 83 85 90 95 98 104 109 115 120 126 129 130 133 135 139 146 153 161 172 181 183 182 186 190 197 198 200 203 209 215 222 230 234 238 242 244 243 240 241 248 261 271
20 18 15 15 15 17 18 18 18 25 20 20 21 24 26 22 20 20 18 18 19 25 28 29 28 28 30 31 30 31 32 34 34 35 38 41 44 48 49 49 52 55 57 60 66 73 76 79 81 83 85 89 95 101 106 111 116 122 131 135 134 135 136 140 147 156 164 174 180 181 182 184 186 191 195 199 204 211 218 225 232 239 243 245 248 249 247 246 252 261 271
19 17 16 17 14 16 17 18 18 18 19 19 21 26 24 21 19 17 18 13 17 20 26 28 28 29 29 30 29 30 31 32 34 35 37 41 43 45 48 49 54 57 60 62 66 72 74 75 78 82 84 89 95 100 107 112 117 122 132 137 137 139 142 145 150 158 166 173 180 180 182 184 186 190 195 204 208 215 219 226 235 241 247 251 254 255 256 254 256 263 270
19 17 14 13 14 17 18 18 17 18 18 17 21 24 22 20 18 17 16 16 12 18 24 27 27 28 27 28 28 27 29 32 34 36 38 40 42 43 46 48 53 57 61 65 69 71 72 75 78 81 86 90 94 102 109 114 118 119 125 131 133 136 143 148 152 159 167 172 178 179 183 184 189 194 202 208 213 219 223 227 237 246 252 258 261 261 262 264 263 266 271
18 15 13 13 14 15 17 18 18 19 19 18 19 21 21 19 18 16 15 14 10 15 20 25 27 28 27 28 27 26 28 32 33 34 36 39 41 44 46 48 52 57 60 64 69 73 74 76 80 83 87 91 95 103 109 113 116 118 121 124 129 137 143 150 156 162 168 176 179 181 184 187 194 199 207 214 218 222 229 233 240 248 254 264 266 267 266 271 272 271 274
-9999 -9999 -9999 -9999 -9999 -9999 -9999 -9999 -9999 -9999 18 15 17 18 20 19 17 15 14 16 12 14 20 23 27 28 29 28 28 28 30 31 33 35 36 39 41 44 47 50 52 56 60 66 67 70 73 76 81 86 88 91 95 101 107 111 111 115 121 125 130 137 146 153 158 164 169 176 179 180 184 189 195 202 210 218 223 226 230 235 243 248 256 265 271 273 273 276 279 278 280
-9999 -9999 -9999 -9999 -9999 -9999 -9999 -9999 -9999 -9999 -9999 16 16 17 18 19 17 17 14 14 17 15 20 24 27 30 30 29 29 29 31 32 32 34 35 37 41 44 47 51 54 57 62 66 68 69 70 76 79 85 87 90 93 99 104 107 108 114 120 125 131 139 149 156 162 168 172 178 178 179 182 187 195 206 213 221 228 234 236 239 243 250 258 266 273 277 278 280 283 286 289
-9999 -9999 -9999 -9999 -9999 -9999 -9999 -9999 -9999 -9999 -9999 -9999 16 17 17 18 20 18 17 16 18 20 20 25 28 31 31 31 30 32 32 32 32 33 35 39 40 44 49 53 56 60 64 68 70 70 71 76 79 84 87 89 93 99 103 106 107 111 121 129 135 136 144 158 167 173 176 177 178 180 184 189 200 210 217 227 235 242 246 246 247 253 261 269 273 278 281 283 287 291 297
-9999 -9999 -9999 -9999 -9999 -9999 -9999 -9999 -9999 -9999 -9999 -9999 -9999 19 16 15 18 18 18 19 21 21 23 25 29 32 33 33 33 33 33 33 33 33 35 37 40 44 48 53 57 60 64 68 70 72 73 76 79 81 84 87 92 96 101 106 109 114 124 134 136 133 142 159 173 179 179 176 177 181 187 194 206 216 224 233 242 251 255 255 256 261 267 270 276 284 288 290 293 298 308
-9999 -9999 -9999 -9999 -9999 -9999 -9999 -9999 -9999 -9999 -9999 -9999 -9999 -9999 -9999 15 15 18 20 19 21 23 23 26 30 31 34 34 34 33 35 35 35 36 35 37 39 42 47 50 54 59 63 67 71 71 74 75 77 79 81 85 91 96 102 107 112 117 126 135 139 142 152 168 175 178 176 175 178 184 191 198 211 221 230 240 249 256 263 268 271 273 276 275 280 289 295 298 303 310 319
-9999 -9999 -9999 -9999 -9999 -9999 -9999 -9999 -9999 -9999 -9999 -9999 -9999 -9999 -9999 -9999 17 16 19 19 22 24 24 26 30 31 32 33 34 33 34 35 35 35 37 38 39 41 44 49 53 57 61 65 69 71 73 76 78 79 82 84 89 95 101 106 113 118 125 134 144 150 162 171 174 179 179 181 185 188 195 203 214 227 239 246 252 259 264 275 284 288 288 286 290 300 306 311 318 324 331
-9999 -9999 -9999 -9999 -9999 -9999 -9999 -9999 -9999 -9999 -9999 -9999 -9999 -9999 -9999 -9999 -9999 -9999 18 20 21 24 24 25 27 28 31 32 32 33 34 35 35 35 35 36 38 41 44 47 52 56 60 64 66 70 74 77 79 80 80 84 91 97 102 110 115 120 125 134 145 155 163 167 170 175 183 190 193 194 198 207 219 231 244 248 255 261 268 277 285 291 297 300 303 307 310 314 316 321 333
-9999 -9999 -9999 -9999 -9999 -9999 -9999 -9999 -9999 -9999 -9999 -9999 -9999 -9999 -9999 -9999 -9999 -9999 -9999 20 21 23 23 24 23 24 29 32 32 35 35 36 35 35 35 35 37 39 42 47 50 55 58 61 65 70 75 78 80 82 84 89 95 102 108 115 120 125 131 140 147 154 160 163 165 173 180 191 199 201 206 214 223 237 241 244 255 263 273 279 285 288 291 291 294 296 299 302 305 313 324
-9999 -9999 -9999 -9999 -9999 -9999 -9999 -9999 -9999 -9999 -9999 -9999 -9999 -9999 -9999 -9999 -9999 -9999 -9999 18 20 22 22 23 23 25 29 32 32 31 32 33 33 33 32 34 36 38 42 46 49 51 56 58 64 70 75 79 83 87 91 96 102 107 112 116 124 133 143 147 155 157 156 160 165 174 182 193 203 211 217 221 225 231 235 242 251 261 271 279 282 283 283 282 283 286 288 290 293 302 315
-9999 -9999 -9999 -9999 -9999 -9999 -9999 -9999 -9999 -9999 -9999 -9999 -9999 -9999 -9999 -9999 -9999 -9999 -9999 -9999 19 20 22 24 24 25 28 30 30 30 31 32 31 30 32 32 33 37 42 44 47 49 52 57 62 69 74 81 85 91 96 101 106 111 116 125 133 145 153 155 158 158 158 162 167 177 185 194 205 212 215 217 218 222 231 238 245 253 263 270 275 274 272 272 273 277 277 279 281 284 298
-9999 -9999 -9999 -9999 -9999 -9999 -9999 -9999 -9999 -9999 -9999 -9999 -9999 -9999 -9999 -9999 -9999 -9999 -9999 -9999 19 20 22 22 24 25 27 28 28 28 31 30 29 30 30 31 33 36 39 42 43 45 47 52 60 69 76 81 87 92 98 104 109 115 121 131 140 148 152 155 158 156 157 161 169 178 185 194 203 211 214 213 210 212 219 229 236 243 249 254 258 259 260 263 267 270 269 271 274 277 285
-9999 -9999 -9999 -9999 -9999 -9999 -9999 -9999 -9999 -9999 -9999 -9999 -9999 -9999 -9999 -9999 -9999 -9999 -9999 -9999 17 19 20 21 22 24 25 27 29 29 27 27 28 28 28 29 31 33 37 40 41 40 42 47 57 66 74 81 86 93 97 102 109 114 121 133 145 148 152 153 152 154 157 162 169 175 183 192 201 210 211 206 202 203 208 216 225 233 236 238 241 241 246 250 256 258 261 265 268 272 278
-9999 -9999 -9999 -9999 -9999 -9999 -9999 -9999 -9999 -9999 -9999 -9999 -9999 -9999 -9999 -9999 -9999 -9999 -9999 -9999 -9999 18 17 19 21 25 25 26 29 29 29 27 28 29 -9999 -9999 -9999 -9999 -9999 35 36 32 33 40 51 63 74 82 87 92 95 99 105 114 121 128 135 137 140 142 146 151 156 159 164 172 181 190 198 206 205 201 198 201 205 211 221 232 229 225 223 227 233 241 247 -9999 -9999 -9999 -9999 -9999 -9999
-9999 -9999 -9999 -9999 -9999 -9999 -9999 -9999 -9999 -9999 -9999 -9999 -9999 -9999 -9999 -9999 -9999 -9999 -9999 -9999 -9999 -9999 16 17 21 24 25 25 28 29 29 29 28 -9999 -9999 -9999 -9999 -9999 -9999 -9999 28 27 28 41 48 59 72 79 84 89 91 93 99 110 117 118 119 115 119 131 140 148 152 156 160 170 177 186 193 199 200 198 195 196 205 216 222 222 218 211 207 216 -9999 -9999 -9999 -9999 -9999 -9999 -9999 -9999 -9999
-9999 -9999 -9999 -9999 -9999 -9999 -9999 -9999 -9999 -9999 -9999 -9999 -9999 -9999 -9999 -9999 -9999 -9999 -9999 -9999 -9999 -9999 -9999 19 23 22 21 21 27 34 26 27 33 -9999 -9999 -9999 -9999 -9999 -9999 -9999 -9999 -9999 35 45 50 59 70 78 81 83 87 90 98 107 113 114 112 109 112 127 133 141 147 152 157 164 170 179 186 193 198 197 195 196 208 225 231 220 210 202 198 -9999 -9999 -9999 -9999 -9999 -9999 -9999 -9999 -9999 -9999
