Project_folder/Species_1/M_variables/Set_3/bio_17.asc
ncols         249
nrows         150
xllcorner     -108.16666292027
yllcorner     24.666671082377
cellsize      0.16666667535901
NODATA_value  -9999
[rows 41 to 81 of 150, columns 91 to 181 of 249]
70 73 76 80 84 86 88 87 86 87 87 86 87 88 91 95 98 101 102 103 103 103 102 103 104 106 111 116 114 115 122 129 134 -9999 -9999 -9999 -9999 -9999 -9999 154 153 155 160 161 156 149 144 142 139 135 128 126 129 129 131 132 133 132 135 138 139 142 149 156 165 -9999 -9999 -9999 -9999 -9999 -9999 -9999 -9999 -9999 -9999 -9999 -9999 -9999 -9999 -9999 -9999 -9999 201 206 212 220 218 203 187 164 140
74 74 77 79 83 87 90 90 88 88 90 90 92 93 96 99 102 102 101 102 105 105 105 105 107 111 119 124 120 120 121 127 135 -9999 -9999 -9999 -9999 -9999 -9999 156 157 162 166 166 156 149 142 141 140 135 129 127 131 134 136 138 139 139 141 143 146 150 156 164 -9999 -9999 -9999 -9999 -9999 -9999 -9999 -9999 -9999 -9999 -9999 -9999 -9999 -9999 -9999 -9999 -9999 192 195 201 211 222 213 197 183 161 147
76 78 79 81 83 86 87 89 89 89 91 94 98 103 102 103 105 105 105 103 106 108 108 109 111 115 121 125 124 125 127 130 136 -9999 -9999 -9999 -9999 -9999 -9999 159 161 166 170 165 157 148 144 143 142 138 134 132 135 139 143 145 146 144 146 152 157 161 -9999 -9999 -9999 -9999 -9999 -9999 -9999 -9999 -9999 -9999 -9999 -9999 -9999 -9999 -9999 -9999 -9999 194 192 199 213 217 215 216 208 189 172 159 162
78 80 80 82 83 85 86 89 91 92 94 97 102 106 107 104 105 109 110 109 109 111 112 114 115 117 121 124 124 128 132 135 141 -9999 -9999 -9999 -9999 -9999 164 165 165 167 166 162 155 150 148 146 146 144 139 138 141 146 150 151 148 149 153 160 167 168 -9999 -9999 -9999 -9999 -9999 -9999 -9999 -9999 -9999 -9999 -9999 -9999 -9999 -9999 196 197 197 204 216 223 228 223 225 221 205 188 174 163 165
80 82 83 84 85 85 86 89 93 95 99 102 105 108 107 107 108 112 116 116 115 115 117 116 118 119 123 126 127 131 137 141 144 -9999 -9999 -9999 -9999 165 168 169 167 167 164 159 154 151 149 149 150 151 151 149 149 151 153 151 149 151 156 163 -9999 -9999 -9999 -9999 -9999 -9999 -9999 -9999 -9999 -9999 -9999 -9999 -9999 179 185 189 195 205 216 224 229 226 224 225 221 219 202 187 180 176 167
83 85 85 85 87 87 87 89 93 98 103 108 109 108 109 109 112 113 118 117 118 118 119 119 121 122 126 129 131 135 139 144 146 150 -9999 -9999 165 170 173 173 171 168 164 158 153 152 152 151 153 159 160 157 156 156 156 152 151 153 156 160 -9999 -9999 -9999 -9999 -9999 -9999 -9999 -9999 -9999 -9999 174 175 174 178 187 195 206 215 218 226 230 229 226 226 224 223 211 196 189 185 183
87 90 88 87 86 86 87 89 93 99 107 111 110 109 108 111 114 117 119 119 118 119 120 121 122 125 128 131 135 137 141 144 148 149 153 159 167 174 177 178 175 169 164 159 154 155 154 156 158 159 161 159 158 158 158 155 155 155 154 155 -9999 -9999 -9999 -9999 -9999 -9999 -9999 -9999 178 174 177 185 184 187 193 199 209 214 218 220 225 224 226 225 227 229 225 214 203 196 195
95 92 88 85 84 85 88 91 93 99 106 109 109 109 108 111 114 117 118 119 117 120 121 123 124 127 129 134 134 136 141 142 145 147 150 156 165 176 177 176 174 168 160 156 157 157 158 158 158 159 160 160 161 161 158 155 156 156 153 152 153 157 162 169 173 177 180 181 183 188 202 203 189 190 193 198 206 213 216 216 217 217 221 226 229 231 230 222 208 202 198
114 96 88 85 83 86 91 95 99 102 104 107 109 111 115 117 118 119 120 119 118 119 121 126 129 131 132 133 136 137 140 142 145 149 150 154 159 168 170 171 168 163 158 157 160 162 160 156 156 157 157 159 163 161 159 155 153 157 156 156 157 159 164 169 175 178 185 189 191 196 204 201 187 187 190 193 205 213 213 213 215 219 225 226 225 226 228 219 209 206 201
131 102 90 86 85 89 94 100 102 104 105 106 110 113 119 121 121 122 124 123 122 121 124 130 135 135 134 134 137 138 141 143 148 151 151 152 156 161 165 165 164 161 158 159 164 166 163 157 156 156 157 159 162 162 159 155 157 160 164 164 165 166 168 173 176 180 184 189 189 194 199 193 180 177 185 190 202 210 212 212 215 220 227 229 228 225 222 217 213 207 201
119 99 91 89 91 95 100 103 106 108 108 108 111 117 122 123 124 125 126 126 127 127 129 134 137 138 137 136 138 140 142 146 149 151 153 155 157 160 162 164 163 164 163 165 168 170 167 163 158 156 158 160 163 165 163 161 162 166 170 171 170 170 172 175 177 178 181 184 184 188 189 185 176 174 181 189 198 202 208 211 212 220 225 229 229 224 221 212 204 199 202
102 94 91 91 94 100 106 109 110 111 110 111 115 122 126 123 125 128 130 131 132 132 137 138 140 139 137 137 139 142 145 149 150 151 153 156 158 162 163 166 167 167 169 171 172 172 169 165 159 160 162 162 163 165 165 164 166 168 171 173 175 173 173 177 178 178 178 175 180 186 186 183 182 179 184 187 195 201 204 207 209 216 227 235 235 228 214 200 196 199 199
93 91 93 94 99 105 110 114 116 116 114 115 120 124 125 123 126 132 134 135 135 141 143 143 143 140 140 140 141 142 146 150 151 152 155 158 161 165 168 169 169 173 175 177 174 172 169 168 165 164 166 164 163 166 167 168 170 171 172 175 176 177 176 178 178 176 176 177 179 183 185 186 189 186 187 190 192 196 202 205 203 210 223 239 243 230 212 198 196 194 197
101 99 99 99 102 108 115 119 121 118 117 119 123 123 124 126 130 139 141 139 142 148 149 147 146 146 146 146 144 144 147 149 151 156 156 157 160 165 170 172 175 178 180 179 175 171 169 169 169 167 166 162 164 166 166 169 173 171 171 174 178 182 182 183 181 180 179 182 183 185 187 188 191 190 190 193 192 197 200 202 202 210 225 242 249 241 220 207 195 194 198
126 114 105 104 106 111 118 124 124 119 118 119 122 124 128 132 137 144 146 143 146 150 152 153 153 152 151 150 146 146 149 154 157 160 162 161 163 167 175 179 183 186 185 182 177 174 170 168 169 169 169 167 169 170 170 173 173 173 172 176 180 186 189 189 187 186 184 184 186 187 188 191 194 197 197 200 198 196 197 203 207 212 226 242 252 248 233 201 195 196 199
160 130 112 107 111 115 119 124 129 126 122 120 123 127 133 138 142 146 146 144 145 150 154 157 159 159 157 156 151 151 156 162 167 170 170 172 173 177 181 185 188 188 186 185 183 180 173 169 170 172 176 177 177 177 176 176 175 172 175 179 183 187 191 193 193 192 191 188 187 188 188 193 199 199 201 204 202 199 197 203 213 222 230 244 242 246 221 199 196 202 203
167 135 113 110 114 118 119 126 131 131 129 126 127 131 138 141 144 146 147 146 147 151 156 161 164 165 166 163 164 163 167 172 177 179 182 185 187 188 190 192 191 188 187 187 187 184 182 179 178 179 182 182 183 183 184 180 178 175 177 181 185 189 193 196 195 193 192 192 190 186 191 200 203 204 209 210 205 204 204 211 220 237 245 233 235 230 200 195 196 201 206
148 133 121 116 117 120 122 129 134 137 135 132 132 135 137 141 145 146 146 148 151 155 159 163 167 170 171 174 174 175 178 181 185 187 193 195 195 197 197 197 194 192 193 193 193 190 191 190 190 191 190 190 187 188 186 182 184 182 183 182 184 188 191 196 198 193 191 191 190 189 198 208 210 211 217 217 212 208 209 218 242 243 235 230 226 211 202 194 195 198 209
133 130 125 122 123 126 130 136 138 138 137 136 136 137 138 140 141 145 150 151 155 159 162 164 169 172 176 179 182 182 183 188 190 193 199 200 202 203 202 201 199 196 197 199 199 199 200 199 200 200 198 195 194 194 191 190 189 188 187 186 187 188 191 197 200 196 197 197 194 197 206 213 219 224 230 229 221 217 214 245 252 247 246 230 218 194 193 188 189 196 204
128 129 127 126 126 129 135 142 143 140 137 138 140 140 139 140 144 149 154 159 161 164 168 168 173 176 180 183 185 186 190 193 193 192 197 203 205 206 205 205 205 206 204 202 205 207 207 208 208 207 204 199 200 200 199 201 197 194 191 190 190 192 196 198 201 202 206 204 202 204 212 219 225 232 241 240 231 226 241 263 268 265 253 227 204 183 182 182 188 192 197
126 129 129 128 128 130 137 143 145 143 141 142 145 147 145 145 149 154 159 165 167 170 173 178 179 181 184 187 188 189 192 193 192 190 196 202 208 210 210 210 214 219 217 213 210 212 214 215 216 213 208 207 206 209 211 213 208 202 198 196 196 196 199 202 202 206 209 209 208 210 220 227 235 242 250 245 235 240 263 275 276 268 253 212 183 177 178 184 187 190 196
125 128 129 129 129 132 140 148 150 150 147 149 152 154 154 153 158 162 165 171 172 175 178 181 183 187 190 192 191 192 193 195 193 194 199 204 211 214 216 220 224 230 222 226 220 219 222 223 221 217 214 213 216 217 219 220 217 210 207 205 202 202 205 204 205 211 214 215 213 222 231 238 245 252 258 253 247 255 271 282 282 283 262 204 180 184 177 180 183 188 196
126 129 130 131 133 137 145 152 157 154 150 152 157 161 162 163 167 172 174 178 177 177 179 182 187 193 196 197 196 196 197 201 201 202 205 208 213 220 225 227 233 234 230 232 229 229 230 229 224 221 218 217 221 223 224 224 222 216 215 211 210 212 212 211 212 216 222 226 232 234 242 247 253 259 270 270 269 274 278 281 291 298 240 187 181 185 181 181 184 189 199
130 134 133 134 138 143 147 154 158 158 152 153 161 165 169 172 174 177 180 180 179 178 182 185 192 197 200 201 201 201 206 210 211 210 211 215 221 227 229 233 241 234 233 235 238 239 239 235 230 225 225 223 225 228 229 228 225 221 222 219 219 219 220 218 218 221 229 237 244 246 250 254 257 260 270 280 286 294 275 284 278 266 202 184 190 186 184 184 189 199 205
134 135 134 135 141 146 150 157 162 163 158 157 163 169 175 177 177 178 181 181 182 184 187 193 198 203 205 207 209 213 216 217 219 219 220 223 228 232 235 240 241 237 235 236 241 243 242 240 234 230 231 228 229 231 232 232 230 229 229 226 224 227 228 226 224 227 233 242 248 251 255 258 261 266 271 293 319 323 290 299 286 227 192 196 182 176 187 195 209 204 212
140 139 137 140 144 148 154 159 164 167 167 168 172 175 182 184 180 180 181 181 185 190 195 200 205 208 211 214 215 221 224 225 226 227 226 229 230 236 243 247 244 240 241 239 241 244 245 242 240 238 237 235 235 238 241 240 238 237 234 232 228 228 233 233 232 233 235 242 246 250 254 259 260 269 286 303 335 329 327 290 261 220 198 211 177 183 197 217 213 213 219
148 148 146 147 150 154 159 161 166 169 173 177 179 184 187 189 187 188 187 188 191 197 203 206 210 214 217 220 222 226 228 230 233 233 233 231 232 237 247 250 245 242 241 237 240 244 248 247 242 241 242 241 242 244 245 246 245 245 239 235 231 230 230 236 240 241 241 239 242 248 252 255 264 283 296 312 332 328 297 281 249 221 221 186 184 198 211 226 217 222 226
150 151 152 155 159 163 164 162 167 172 178 182 186 188 193 194 195 195 194 196 200 204 209 212 217 223 225 227 226 227 228 232 235 238 239 238 238 244 253 250 246 241 241 237 242 244 245 248 243 240 240 242 244 248 248 247 246 246 244 238 234 236 236 241 246 250 250 249 250 252 251 251 257 272 288 315 325 287 270 256 228 221 211 195 198 217 225 226 227 229 232
156 158 160 164 169 171 170 168 171 177 182 187 191 194 196 199 198 199 202 206 209 213 216 223 228 232 230 227 225 225 227 230 231 235 243 247 248 253 256 250 247 243 241 241 245 247 248 250 247 244 242 245 248 252 253 253 251 250 247 243 242 242 243 248 252 256 257 259 259 256 250 245 254 274 292 284 265 265 245 237 223 222 221 212 217 229 231 234 233 233 235
160 165 167 172 178 180 179 179 180 183 186 191 195 198 203 207 207 207 208 215 222 224 228 232 238 234 231 227 226 226 226 230 234 237 242 247 251 256 255 254 250 246 245 248 253 254 255 256 255 252 251 250 250 253 256 261 261 254 249 249 247 247 249 251 257 259 265 267 265 260 248 239 254 257 251 236 241 238 233 223 230 222 230 249 239 238 238 233 230 234 238
164 167 170 178 185 187 187 187 186 188 190 196 201 204 210 215 218 218 218 225 234 239 242 242 241 238 234 230 230 229 232 236 239 240 242 245 252 258 258 258 256 254 256 259 260 262 264 266 264 262 259 256 256 256 262 265 265 261 258 253 253 252 254 253 257 265 266 268 263 252 237 235 229 230 218 221 228 214 219 219 227 222 246 243 238 242 239 235 230 234 239
170 171 175 180 188 192 192 191 189 189 193 202 212 215 221 225 229 232 233 241 248 253 252 249 247 244 243 241 239 237 238 241 245 244 246 250 255 259 261 261 259 261 264 270 270 272 275 278 277 273 270 267 265 266 267 266 264 262 262 259 257 252 253 256 260 263 262 260 254 240 232 227 210 204 206 215 219 218 214 221 230 234 234 237 240 243 242 241 238 240 245
175 176 179 184 191 194 196 195 194 195 199 213 230 232 234 237 242 244 249 254 260 254 254 249 248 246 247 246 244 246 245 246 249 249 250 254 258 262 265 265 263 265 271 275 281 284 286 288 287 285 281 276 274 273 272 269 270 266 265 263 259 255 252 252 255 257 255 250 239 230 222 213 205 199 221 213 211 215 221 228 237 236 238 241 243 245 246 248 248 248 249
181 183 185 188 195 198 201 199 200 207 215 228 240 244 247 252 254 257 259 261 259 257 253 250 248 249 252 251 251 253 252 250 252 252 256 258 260 260 261 261 264 270 273 276 279 286 291 291 290 288 283 278 274 270 270 270 273 271 268 264 259 256 253 251 251 251 251 247 235 231 221 212 211 202 199 207 212 221 227 231 237 239 243 246 246 248 251 253 255 254 254
186 186 188 193 199 205 208 209 212 220 231 244 252 256 260 260 262 261 259 257 257 255 253 253 253 254 255 257 257 258 255 254 253 254 257 262 261 259 258 258 264 272 276 280 283 287 289 292 290 286 283 279 273 269 271 273 275 274 270 263 257 263 255 252 251 251 250 247 245 245 233 219 208 202 205 214 219 229 237 239 242 246 247 249 251 250 253 256 258 257 257
187 188 191 195 202 208 216 221 225 233 244 256 264 264 258 258 259 258 256 254 255 253 254 256 258 262 265 265 264 263 258 251 250 252 256 261 260 260 257 257 265 272 278 282 285 286 286 285 285 285 282 280 274 271 271 274 279 277 272 272 272 259 268 251 247 252 257 255 245 241 227 216 209 212 222 227 232 245 247 246 248 251 250 251 252 251 253 256 257 259 257
193 195 196 203 210 214 225 231 237 246 255 264 264 260 257 254 253 253 251 252 253 254 254 259 263 269 275 273 271 266 260 253 246 246 253 257 257 256 255 260 269 277 283 287 286 282 285 286 288 286 286 284 277 272 274 276 274 276 264 256 251 251 241 245 246 251 251 253 262 262 248 231 224 231 237 246 261 258 253 253 252 252 253 253 251 251 252 255 256 257 254
201 203 206 213 217 224 233 240 244 253 262 264 260 257 254 253 251 250 248 249 253 254 255 260 265 272 277 279 274 268 262 255 250 248 251 253 253 253 257 266 275 283 288 291 287 283 282 284 292 292 292 291 287 278 282 277 269 262 254 246 240 235 232 233 244 249 270 276 289 270 256 244 243 250 258 268 270 261 257 254 253 252 252 253 253 252 248 251 251 252 251
209 214 219 225 228 234 240 245 250 260 262 259 257 254 253 253 254 251 249 248 251 253 258 260 265 272 275 279 276 270 267 259 254 254 252 253 252 251 253 263 275 283 292 289 287 288 286 287 294 293 292 294 293 282 273 266 261 254 246 237 231 231 232 232 244 269 280 291 294 282 276 264 257 257 261 266 265 259 254 253 254 252 253 256 256 255 250 248 250 249 247
220 224 229 234 238 243 248 252 259 257 256 254 252 252 255 257 256 255 251 247 247 253 257 260 266 272 275 279 275 273 269 266 261 260 258 254 250 242 245 261 276 285 286 290 292 291 293 296 293 290 294 299 296 272 266 262 255 244 237 229 226 229 231 248 264 288 296 306 302 287 269 265 263 262 262 261 258 253 252 253 251 253 256 259 257 253 249 248 247 244 242
227 229 234 241 248 251 255 258 256 255 252 248 247 249 253 256 257 256 252 247 247 251 256 261 265 270 274 276 275 273 271 269 267 263 263 262 256 245 244 260 280 289 288 289 292 293 300 295 293 291 287 293 277 266 263 254 248 242 231 227 227 240 264 272 297 318 315 304 291 275 275 277 270 265 260 258 255 255 251 251 250 250 255 258 255 248 249 246 243 240 237
