Project_folder/Species_1/M_variables/Set_2/bio_1.asc
ncols         249
nrows         150
xllcorner     -108.16666292027
yllcorner     24.666671082377
cellsize      0.16666667535901
NODATA_value  -9999
[rows 80 to 119 of 150, columns 0 to 89 of 249]
-9999 -9999 -9999 -9999 -9999 -9999 -9999 -9999 53 77 87 92 95 91 74 52 26 40 58 81 94 100 103 100 101 105 107 111 117 120 123 126 127 127 128 129 130 132 134 135 136 140 140 139 138 139 139 138 140 141 141 142 144 146 147 147 146 147 148 148 148 150 151 151 151 152 152 151 152 152 152 151 151 153 152 152 151 152 151 150 148 144 140 138 137 138 139 139 138 138
-9999 -9999 -9999 -9999 -9999 -9999 -9999 53 36 43 46 84 104 90 62 28 49 66 76 83 93 97 104 104 106 109 115 120 121 124 126 127 129 129 129 130 131 133 135 137 139 140 141 141 140 140 140 139 139 141 140 141 144 145 146 147 146 147 149 150 150 149 151 153 153 153 153 153 153 154 153 151 152 152 152 154 154 154 151 150 150 146 143 141 140 139 139 139 136 138
-9999 -9999 -9999 -9999 -9999 -9999 -9999 70 50 44 44 89 109 91 35 18 61 83 86 86 96 102 111 109 110 115 125 126 122 126 129 129 130 132 131 130 132 134 136 139 140 144 146 145 145 145 146 146 144 144 144 144 145 146 148 148 148 148 150 151 151 151 152 154 156 155 155 155 154 154 155 154 152 152 153 155 157 156 153 152 151 149 144 141 138 138 137 136 136 138
-9999 -9999 -9999 -9999 -9999 -9999 -9999 84 82 65 81 103 102 83 46 39 67 85 91 93 97 104 116 118 120 118 131 130 126 127 129 131 133 135 134 132 133 137 141 144 146 146 144 142 141 143 144 145 145 145 145 146 147 148 150 151 151 151 151 151 152 152 153 156 156 156 157 157 158 158 157 156 154 153 155 157 157 157 155 154 152 150 147 143 141 138 140 139 139 141
-9999 -9999 -9999 -9999 -9999 -9999 -9999 111 115 104 118 114 107 91 79 71 80 90 90 93 97 109 127 132 132 129 133 136 133 134 134 136 138 139 140 139 138 139 144 144 144 143 141 140 141 142 145 146 145 145 147 149 149 151 154 155 154 153 152 152 152 153 154 156 157 157 157 158 160 160 159 158 156 157 158 159 159 158 157 156 155 155 154 151 150 150 146 146 145 146
-9999 -9999 -9999 -9999 -9999 -9999 -9999 113 117 123 124 114 108 104 91 89 94 97 100 108 115 126 134 139 140 135 141 143 143 142 141 141 138 137 138 140 143 144 143 140 141 140 140 141 145 148 149 148 150 149 149 150 150 152 155 157 155 154 153 153 154 155 156 157 158 158 158 160 161 160 159 158 158 159 161 162 161 160 161 162 161 159 159 158 157 154 155 155 154 152
-9999 -9999 -9999 -9999 -9999 -9999 116 120 123 129 94 100 99 99 91 92 100 110 118 124 124 130 137 135 133 140 145 144 144 142 141 139 133 132 133 135 139 141 140 140 140 140 140 142 147 149 150 151 152 152 153 155 154 154 155 157 157 156 155 156 157 158 158 160 160 160 160 162 163 161 159 160 160 161 163 164 162 162 162 163 162 162 160 159 158 157 155 151 152 155
-9999 -9999 -9999 -9999 -9999 -9999 120 124 128 131 98 96 102 99 91 92 102 110 120 125 130 134 135 137 139 140 143 145 143 142 140 134 132 132 133 135 138 141 141 140 139 140 143 145 149 153 155 155 156 155 155 157 157 157 157 157 158 157 158 159 160 161 161 161 162 161 161 162 162 160 159 159 160 162 163 164 162 161 161 161 159 161 157 158 158 157 153 154 155 156
-9999 -9999 -9999 -9999 -9999 120 124 125 130 128 103 93 104 102 94 94 102 112 120 126 134 136 134 132 128 137 139 138 132 133 134 134 133 133 134 136 138 141 141 144 144 141 147 147 150 154 157 160 160 160 160 160 159 159 158 158 156 156 160 160 161 162 163 163 162 162 161 161 160 160 160 160 161 162 163 164 163 160 161 161 160 157 155 154 157 152 153 154 153 153
-9999 -9999 -9999 -9999 -9999 107 120 127 129 125 93 101 106 107 102 100 104 112 120 127 132 138 139 136 131 133 133 133 133 134 134 135 135 134 134 134 136 139 140 140 143 150 151 153 153 157 161 164 164 163 163 163 163 162 161 159 155 158 163 163 162 161 162 163 163 162 161 159 159 161 162 161 162 162 163 162 163 161 160 158 154 152 150 151 153 152 151 149 150 151
-9999 -9999 -9999 -9999 108 110 123 127 129 124 91 104 109 109 104 105 107 112 121 128 134 137 139 139 136 136 137 136 136 136 137 136 135 134 133 134 137 139 141 141 141 146 154 157 160 162 164 166 166 166 165 165 165 165 163 163 163 165 167 166 165 163 163 163 163 163 162 159 158 162 163 163 163 161 162 161 162 162 160 156 153 150 152 151 152 151 151 151 152 154
-9999 -9999 -9999 -9999 111 117 116 129 128 120 113 104 107 108 108 109 108 116 121 127 134 138 139 143 143 142 141 140 139 138 138 138 137 136 136 136 138 140 142 142 141 142 150 157 160 162 164 165 166 166 167 166 166 166 165 167 168 169 169 169 167 166 165 165 165 162 164 162 162 163 165 164 164 163 163 163 164 163 162 160 156 156 153 152 149 148 151 151 153 157
-9999 -9999 -9999 85 93 110 123 131 126 116 115 111 114 109 100 105 112 120 127 133 138 142 144 146 143 140 141 144 144 142 140 140 140 139 138 138 140 143 145 145 144 145 152 158 162 163 165 167 167 167 166 166 167 168 168 169 170 171 171 171 169 168 169 167 167 168 169 169 168 167 165 166 166 166 166 166 166 166 166 164 160 157 156 156 155 154 155 156 158 160
-9999 -9999 -9999 89 94 98 115 132 126 120 126 117 117 115 109 110 118 127 133 139 142 146 147 148 146 142 141 142 142 142 141 140 140 140 141 141 143 145 148 148 147 147 150 158 161 163 165 165 166 166 169 169 169 169 169 170 172 172 173 172 171 171 171 171 170 170 171 171 170 169 166 166 166 167 168 168 169 169 169 168 164 162 162 161 160 159 160 160 162 164
-9999 -9999 -9999 76 90 101 109 134 134 133 130 117 119 124 114 111 119 130 139 144 145 146 148 150 147 142 140 140 139 139 140 141 142 142 144 145 147 149 150 150 150 150 151 156 161 162 163 166 167 169 169 170 170 170 171 173 174 175 174 173 173 173 174 173 172 173 173 174 173 170 168 168 169 169 169 170 171 170 170 168 167 166 166 166 166 165 164 164 165 166
-9999 -9999 83 85 88 125 135 141 139 140 125 119 127 129 109 109 119 129 139 145 147 150 150 149 146 144 140 139 140 140 141 141 142 144 146 148 151 153 153 153 153 155 154 156 160 161 165 166 168 170 172 173 172 172 172 174 176 176 176 174 174 176 175 173 172 173 174 174 175 172 171 170 169 170 170 171 171 170 170 169 168 168 168 169 171 172 168 166 167 167
-9999 -9999 85 101 87 130 146 143 142 143 130 136 140 127 107 104 99 111 137 147 149 153 153 149 147 145 141 139 139 140 141 142 143 145 147 150 153 155 155 155 156 157 160 161 163 164 166 168 170 173 175 175 173 171 172 175 178 178 177 175 176 177 176 174 173 174 175 175 175 173 171 170 170 169 170 171 171 171 171 171 170 171 171 172 174 174 172 168 168 168
-9999 -9999 90 105 126 143 144 145 140 136 140 150 143 111 78 104 113 125 135 146 151 155 155 151 150 146 141 141 140 141 142 143 145 147 149 151 154 155 156 158 161 163 165 165 165 166 168 170 172 175 177 177 175 173 174 176 178 177 177 177 177 177 178 176 174 175 176 176 176 174 172 171 170 170 171 172 173 172 172 173 173 173 173 173 174 175 174 171 170 169
-9999 73 94 120 140 152 148 142 121 128 153 154 150 119 93 91 107 121 131 143 152 156 157 154 152 148 141 142 141 142 145 146 148 150 152 154 155 155 156 158 162 166 167 168 168 168 170 171 174 176 177 178 175 173 175 177 177 176 175 176 177 179 179 176 176 176 177 178 177 177 175 171 171 171 172 172 173 173 173 174 176 176 175 174 175 175 174 173 171 171
-9999 74 95 124 146 151 147 143 127 142 157 157 155 131 87 89 105 119 132 144 152 155 157 157 153 149 144 145 145 147 149 150 152 154 155 156 157 157 158 161 165 169 169 169 169 170 172 174 176 178 179 178 176 175 175 176 177 176 175 176 177 178 178 177 177 179 179 181 179 179 176 174 172 172 172 172 173 173 174 176 179 179 176 175 176 175 175 173 173 172
-9999 100 94 130 147 144 144 146 137 138 157 158 158 138 80 92 110 121 135 145 152 156 157 156 155 152 148 149 150 153 155 156 157 159 159 160 160 160 161 164 169 168 167 168 172 174 176 176 178 180 180 178 175 177 177 177 177 177 177 179 179 177 177 179 180 181 183 185 183 181 178 176 175 174 175 175 174 174 175 178 182 181 179 178 178 177 176 174 173 173
-9999 122 116 133 147 151 147 147 144 136 156 157 160 141 83 92 111 123 136 145 152 156 158 158 159 159 157 154 154 158 161 162 163 164 164 164 164 163 166 170 173 172 170 170 171 175 177 178 179 181 180 179 175 177 178 177 175 175 177 180 182 180 178 180 184 185 186 187 186 183 180 178 177 178 177 177 177 176 176 178 181 182 181 180 181 180 178 177 175 174
-9999 138 130 141 145 143 146 149 148 137 152 160 161 158 127 115 121 130 129 142 152 159 163 164 165 164 162 160 160 163 164 166 167 168 168 167 167 168 168 172 174 174 174 173 171 173 176 178 180 181 181 178 176 179 178 176 173 175 179 180 182 182 180 181 183 185 187 186 185 184 183 181 181 180 180 179 179 179 178 179 180 180 179 180 181 181 182 179 177 176
144 147 146 148 147 144 146 151 152 139 158 161 160 155 147 146 141 147 139 135 150 158 164 170 170 170 165 163 164 166 168 168 169 171 171 171 171 171 173 172 172 175 175 175 173 172 174 174 177 179 180 177 177 180 177 174 173 175 177 177 179 181 183 182 183 185 187 186 186 184 184 184 184 182 182 182 181 180 180 180 180 181 180 180 180 182 183 181 179 177
150 153 155 155 156 154 153 156 162 145 162 164 161 151 146 152 155 155 163 142 140 156 164 173 175 173 168 166 168 170 171 171 171 172 173 173 173 172 175 175 174 175 176 176 175 171 171 171 172 174 176 175 177 176 175 174 174 175 174 175 178 181 184 184 186 185 187 187 186 186 186 186 187 186 185 185 185 183 182 180 180 180 181 181 180 180 181 181 179 177
153 157 159 152 161 157 157 161 165 167 167 167 161 147 147 147 156 162 166 142 131 156 170 174 178 176 173 172 172 175 175 173 171 173 174 174 174 175 174 174 171 172 174 176 177 172 172 175 176 177 177 176 178 178 176 174 176 178 177 178 179 180 182 185 186 186 185 186 185 186 187 188 189 188 188 187 188 187 185 182 180 181 181 181 180 179 179 179 179 178
149 158 159 165 165 158 160 165 168 169 167 169 162 146 150 152 157 166 169 149 146 164 171 174 177 181 179 177 175 178 177 175 172 174 175 176 176 175 174 171 169 171 174 173 173 176 177 179 179 180 176 175 179 180 179 176 175 178 180 179 180 181 183 183 185 187 187 187 186 187 188 189 190 190 189 189 189 188 187 184 182 180 181 180 180 179 178 178 180 181
156 161 164 168 168 168 168 168 170 170 173 171 166 154 152 157 161 164 169 167 154 161 167 172 178 180 182 181 179 179 179 177 176 175 176 177 177 176 173 171 169 170 173 175 173 173 176 180 182 182 179 177 181 180 180 180 178 179 180 180 181 182 183 185 186 189 190 188 188 188 189 189 190 191 190 189 189 188 186 186 183 182 182 180 179 179 178 178 179 182
-9999 -9999 -9999 -9999 -9999 -9999 -9999 -9999 -9999 -9999 173 174 170 165 153 154 159 161 160 169 160 155 166 171 176 177 180 182 182 180 180 179 179 180 181 179 178 176 174 172 170 170 172 174 176 178 180 184 185 185 184 182 183 183 182 182 183 180 179 179 181 184 183 185 187 190 193 191 190 190 190 189 190 190 190 188 188 188 188 187 185 184 183 181 179 179 180 179 180 183
-9999 -9999 -9999 -9999 -9999 -9999 -9999 -9999 -9999 -9999 -9999 173 175 170 163 153 156 156 151 149 170 157 163 170 176 179 181 183 183 182 182 181 182 184 187 184 181 179 176 174 172 174 175 178 181 182 187 187 186 185 185 185 184 183 183 184 185 184 181 181 182 186 187 187 187 189 193 193 192 191 191 190 189 189 190 188 187 187 188 188 187 187 185 183 181 181 181 181 181 183
-9999 -9999 -9999 -9999 -9999 -9999 -9999 -9999 -9999 -9999 -9999 -9999 168 170 171 163 154 154 149 149 167 166 161 170 174 177 180 183 183 182 182 182 184 188 189 184 184 181 176 174 173 174 175 178 182 184 185 184 184 181 180 180 180 179 181 183 185 185 181 182 184 188 189 188 188 190 193 195 194 193 193 192 189 189 190 188 187 187 188 190 189 187 187 185 184 183 183 184 183 184
-9999 -9999 -9999 -9999 -9999 -9999 -9999 -9999 -9999 -9999 -9999 -9999 -9999 153 167 169 157 160 158 157 168 169 161 163 165 174 179 181 181 182 182 183 186 188 191 191 187 180 178 174 174 174 176 178 180 182 182 180 180 179 178 178 178 180 181 181 181 183 182 182 186 189 191 189 190 192 194 195 196 195 194 194 192 193 193 190 189 189 189 189 190 189 187 186 185 183 183 185 185 186
-9999 -9999 -9999 -9999 -9999 -9999 -9999 -9999 -9999 -9999 -9999 -9999 -9999 -9999 -9999 163 167 161 147 162 165 165 160 152 152 167 173 177 178 179 181 183 184 185 188 188 186 185 180 178 177 176 177 179 179 180 181 181 180 180 179 179 178 178 180 181 183 183 183 180 184 189 191 190 192 194 196 197 198 198 196 197 196 197 195 194 192 191 189 188 188 188 187 188 187 185 185 187 187 188
-9999 -9999 -9999 -9999 -9999 -9999 -9999 -9999 -9999 -9999 -9999 -9999 -9999 -9999 -9999 -9999 157 161 155 167 166 164 159 148 146 150 159 166 173 176 177 178 180 181 180 182 183 185 184 180 180 178 178 180 180 180 180 180 179 178 177 179 180 180 183 186 188 189 187 182 184 188 190 191 193 194 196 197 199 201 199 198 198 197 196 194 192 191 190 188 187 187 188 188 189 188 188 189 188 190
-9999 -9999 -9999 -9999 -9999 -9999 -9999 -9999 -9999 -9999 -9999 -9999 -9999 -9999 -9999 -9999 -9999 -9999 160 175 169 165 160 150 147 153 156 162 170 171 168 170 174 177 180 183 185 185 185 183 182 181 181 182 182 181 180 179 180 180 180 182 181 182 183 185 187 187 190 189 188 189 192 194 194 195 195 196 199 201 201 199 198 196 196 195 192 191 190 190 189 190 190 190 191 190 190 190 190 191
-9999 -9999 -9999 -9999 -9999 -9999 -9999 -9999 -9999 -9999 -9999 -9999 -9999 -9999 -9999 -9999 -9999 -9999 -9999 173 164 156 159 156 154 153 158 163 163 157 158 163 168 173 178 183 185 187 188 186 186 186 185 186 185 183 182 181 181 181 180 178 178 178 179 180 183 186 185 189 193 194 195 197 198 196 195 197 199 201 201 199 198 196 197 196 194 192 191 193 193 193 193 193 193 192 192 192 193 194
-9999 -9999 -9999 -9999 -9999 -9999 -9999 -9999 -9999 -9999 -9999 -9999 -9999 -9999 -9999 -9999 -9999 -9999 -9999 169 162 156 155 158 161 158 154 154 159 163 164 163 169 175 178 185 189 191 192 191 189 190 190 189 186 185 183 182 180 180 177 177 177 178 181 184 185 185 187 189 190 194 199 201 200 197 196 198 200 201 201 200 198 197 197 198 197 196 195 196 197 196 195 195 195 194 194 194 195 196
-9999 -9999 -9999 -9999 -9999 -9999 -9999 -9999 -9999 -9999 -9999 -9999 -9999 -9999 -9999 -9999 -9999 -9999 -9999 -9999 167 164 157 158 166 163 158 161 169 172 172 171 177 183 186 191 196 197 196 197 195 194 193 191 190 187 184 182 180 177 175 176 179 182 183 184 185 184 187 189 191 195 198 200 199 197 197 199 200 200 201 200 199 198 199 200 200 200 199 200 200 199 198 198 198 197 196 197 198 199
-9999 -9999 -9999 -9999 -9999 -9999 -9999 -9999 -9999 -9999 -9999 -9999 -9999 -9999 -9999 -9999 -9999 -9999 -9999 -9999 190 188 166 171 176 173 174 174 174 182 177 183 187 194 199 201 201 203 203 202 202 199 198 197 193 188 187 183 182 179 176 176 180 184 187 187 189 190 192 194 194 197 199 199 198 197 199 202 201 200 200 200 200 200 201 202 203 203 202 202 202 201 201 200 201 200 199 199 200 200
-9999 -9999 -9999 -9999 -9999 -9999 -9999 -9999 -9999 -9999 -9999 -9999 -9999 -9999 -9999 -9999 -9999 -9999 -9999 -9999 184 205 196 187 188 182 185 181 179 186 195 195 195 198 199 202 208 208 208 208 208 204 202 201 196 192 190 186 187 181 183 184 184 190 193 190 188 192 194 196 199 200 201 200 199 200 200 201 201 200 199 199 200 201 202 203 204 205 204 203 203 203 203 203 203 202 201 201 201 201
