Project_folder/Species_1/M_variables/Set_2/bio_1.asc
ncols         249
nrows         150
xllcorner     -108.16666292027
yllcorner     24.666671082377
cellsize      0.16666667535901
NODATA_value  -9999
[rows 40 to 79 of 150, columns 0 to 89 of 249]
-9999 -9999 -9999 -9999 -9999 -9999 -9999 -9999 -9999 -9999 -9999 -9999 -9999 -9999 -9999 -9999 -9999 -9999 -9999 -9999 75 72 73 73 75 79 80 80 82 85 87 87 84 80 76 75 77 80 83 84 84 83 83 83 84 84 85 87 88 88 89 90 90 89 89 90 90 90 93 94 93 93 91 87 86 85 83 83 83 84 85 83 83 81 80 79 78 77 78 77 78 79 79 79 79 78 77 75 75 76
-9999 -9999 -9999 -9999 -9999 -9999 -9999 -9999 -9999 -9999 -9999 -9999 -9999 -9999 -9999 -9999 -9999 -9999 -9999 74 71 67 69 69 68 71 74 76 84 86 85 82 81 79 77 76 78 80 82 83 84 85 86 86 87 86 86 87 89 90 90 89 90 90 89 89 90 91 92 93 94 93 89 88 87 87 86 87 87 87 85 85 84 83 81 80 78 78 79 79 79 80 81 82 81 79 77 77 76 76
-9999 -9999 -9999 -9999 -9999 -9999 -9999 -9999 -9999 -9999 -9999 -9999 -9999 -9999 -9999 -9999 -9999 -9999 -9999 79 73 67 72 71 72 72 72 75 78 78 79 80 82 81 79 77 77 79 80 82 82 84 85 86 88 87 86 87 88 90 91 89 89 88 88 87 87 87 88 91 93 92 90 87 87 87 86 86 88 90 88 87 86 85 83 81 79 78 79 80 80 81 82 84 83 82 80 79 79 78
-9999 -9999 -9999 -9999 -9999 -9999 -9999 -9999 -9999 -9999 -9999 -9999 -9999 -9999 -9999 -9999 -9999 -9999 77 81 77 78 79 77 74 74 75 77 79 81 83 83 83 80 78 76 77 78 80 81 82 83 85 86 85 84 85 85 87 88 88 88 88 88 88 87 86 86 88 90 92 92 91 90 87 87 87 87 87 90 91 91 89 88 85 82 80 79 80 81 82 83 85 85 85 85 83 81 80 81
-9999 -9999 -9999 -9999 -9999 -9999 -9999 -9999 -9999 -9999 -9999 -9999 -9999 -9999 -9999 -9999 -9999 68 80 84 87 87 83 82 79 76 74 76 79 81 83 84 83 81 79 77 77 79 80 81 81 82 85 85 84 83 84 85 85 86 87 87 86 87 87 87 86 87 89 90 89 90 91 91 89 89 89 88 88 90 92 94 94 92 89 85 82 82 82 83 85 86 88 87 87 86 85 84 82 82
-9999 -9999 -9999 -9999 -9999 -9999 -9999 -9999 -9999 -9999 -9999 -9999 -9999 -9999 -9999 -9999 -9999 71 84 86 83 86 88 86 84 82 80 79 81 84 85 85 84 81 79 78 78 80 82 82 83 85 87 87 85 83 84 85 85 86 86 88 88 87 87 87 87 87 88 89 89 89 90 90 91 90 91 90 90 91 93 96 97 95 92 88 85 85 84 84 86 89 91 90 88 88 88 87 84 82
-9999 -9999 -9999 -9999 -9999 -9999 -9999 -9999 -9999 -9999 -9999 -9999 -9999 -9999 -9999 -9999 53 69 77 80 81 88 90 88 88 87 88 88 86 84 84 85 84 82 80 79 80 81 83 83 83 85 87 87 86 85 84 85 85 86 86 88 89 89 88 88 87 87 87 88 87 87 89 90 91 93 92 92 91 92 93 96 97 95 93 91 88 87 86 87 88 90 92 91 89 89 89 89 87 86
-9999 -9999 -9999 -9999 -9999 -9999 -9999 -9999 -9999 -9999 -9999 -9999 -9999 -9999 -9999 -9999 53 62 63 73 76 79 86 88 85 83 84 89 91 91 89 85 83 83 81 81 81 81 81 82 83 85 85 85 85 85 85 85 85 86 86 87 89 90 91 89 89 88 88 87 88 88 89 90 92 93 94 93 94 94 95 97 98 95 94 92 90 90 89 89 89 90 91 92 91 91 91 91 91 91
-9999 -9999 -9999 -9999 -9999 -9999 -9999 -9999 -9999 -9999 -9999 -9999 -9999 -9999 -9999 48 43 57 63 70 75 78 82 85 84 82 83 85 87 90 92 91 88 84 84 84 83 82 82 82 84 86 86 85 85 86 86 85 85 86 86 88 89 90 91 91 90 88 89 90 90 90 91 93 94 96 96 96 97 98 98 98 99 98 95 93 91 91 90 91 90 91 93 94 94 94 95 95 94 94
-9999 -9999 -9999 -9999 -9999 -9999 -9999 -9999 -9999 -9999 -9999 -9999 -9999 -9999 -9999 49 38 53 60 67 72 76 78 79 80 80 81 82 84 84 85 86 87 90 89 89 87 86 85 86 86 88 88 87 87 87 87 87 87 86 87 89 90 91 92 91 91 90 90 91 94 95 96 98 99 100 100 99 99 100 101 100 99 100 97 94 92 90 91 91 92 94 95 95 95 96 97 97 97 97
-9999 -9999 -9999 -9999 -9999 -9999 -9999 -9999 -9999 -9999 -9999 -9999 -9999 -9999 -9999 48 34 49 62 68 72 75 78 80 80 81 83 84 84 85 85 86 88 89 89 89 90 90 91 92 91 90 91 90 89 88 88 87 88 90 91 91 92 92 92 92 91 91 93 96 99 100 100 101 101 100 100 99 100 100 101 101 102 102 99 96 94 93 93 93 94 97 97 97 96 96 96 96 96 98
-9999 -9999 -9999 -9999 -9999 -9999 -9999 -9999 -9999 -9999 -9999 -9999 -9999 -9999 46 41 41 48 61 70 74 76 80 81 79 80 82 83 84 86 86 88 90 93 93 93 92 93 94 95 93 91 91 91 92 91 92 90 90 91 93 95 94 94 93 93 93 94 95 99 102 103 102 103 103 102 101 101 101 102 103 102 102 102 100 99 98 98 96 95 95 97 98 97 96 95 95 95 96 97
-9999 -9999 -9999 -9999 -9999 -9999 -9999 -9999 -9999 -9999 -9999 -9999 -9999 -9999 19 33 54 63 74 78 79 81 83 83 79 80 83 88 89 87 90 92 96 98 97 95 93 94 96 97 94 90 89 90 91 91 92 93 94 95 95 95 95 95 95 94 95 97 99 101 101 102 103 104 104 104 103 104 105 104 103 101 101 102 101 101 101 100 98 98 97 98 99 98 97 96 95 95 96 97
-9999 -9999 -9999 -9999 -9999 -9999 -9999 -9999 -9999 -9999 -9999 -9999 -9999 -9999 6 34 57 75 85 84 86 86 86 86 84 86 89 91 91 93 95 94 95 96 96 95 95 96 98 99 96 91 91 92 93 94 94 93 94 96 97 98 98 97 97 97 98 100 102 102 102 102 104 104 105 105 105 106 107 105 104 103 103 104 104 104 103 102 100 100 100 101 101 100 99 99 97 97 97 98
-9999 -9999 -9999 -9999 -9999 -9999 -9999 -9999 -9999 -9999 -9999 -9999 -9999 -4 -5 10 38 70 90 91 91 91 90 89 88 89 90 91 94 95 92 92 95 97 97 96 97 98 99 99 97 95 94 95 95 96 97 96 96 96 97 98 100 100 99 99 100 101 103 104 103 102 103 104 105 105 106 106 106 106 105 106 106 105 107 106 104 103 102 102 103 104 105 103 102 102 101 100 100 100
-9999 -9999 -9999 -9999 -9999 -9999 -9999 -9999 -9999 -9999 -9999 -9999 -9999 -8 -15 15 46 76 91 94 95 96 95 94 95 93 93 95 96 95 92 94 97 99 99 98 99 100 100 98 97 98 98 98 98 98 99 99 99 101 101 101 101 101 100 100 101 103 104 105 104 103 105 105 106 106 107 108 106 106 107 107 107 108 109 109 107 105 104 102 103 106 108 105 104 104 104 104 103 103
-9999 -9999 -9999 -9999 -9999 -9999 -9999 -9999 -9999 -9999 -9999 -9999 -9999 11 -6 4 48 85 94 97 97 97 97 97 97 98 98 98 96 93 94 97 100 101 101 101 101 101 100 100 98 99 100 101 101 104 104 102 102 104 105 105 103 102 101 102 103 103 104 104 106 106 107 108 108 107 107 108 109 108 107 109 110 111 111 111 110 108 107 105 106 108 108 106 105 105 106 106 107 107
-9999 -9999 -9999 -9999 -9999 -9999 -9999 -9999 -9999 -9999 -9999 -9999 -9999 25 4 -5 46 91 98 99 98 97 98 96 96 96 97 98 95 93 95 98 101 102 103 103 104 105 104 103 103 102 101 102 104 107 106 105 105 106 107 106 106 104 104 106 107 106 106 107 108 108 109 110 110 109 109 110 110 111 109 111 113 114 114 114 113 112 110 109 109 108 108 107 107 107 108 110 110 111
-9999 -9999 -9999 -9999 -9999 -9999 -9999 -9999 -9999 -9999 -9999 -9999 14 4 2 9 37 79 97 101 99 97 96 95 95 94 96 97 94 93 96 98 100 101 102 103 104 104 106 104 102 100 100 103 105 108 108 107 107 106 107 107 106 105 106 108 109 108 107 107 108 111 111 112 112 113 115 114 113 112 111 113 116 114 114 115 115 115 114 113 112 110 109 109 108 110 110 113 114 115
-9999 -9999 -9999 -9999 -9999 -9999 -9999 -9999 -9999 -9999 -9999 -9999 6 -18 -10 17 36 71 98 101 98 95 94 94 94 93 95 94 92 93 95 98 99 100 101 101 103 106 106 104 103 102 101 103 107 109 110 110 109 109 110 110 110 110 110 113 114 112 110 108 110 114 115 116 116 117 118 118 116 114 115 116 117 116 116 116 116 118 118 118 116 113 111 111 110 111 114 116 116 117
-9999 -9999 -9999 -9999 -9999 -9999 -9999 -9999 -9999 -9999 -9999 -9999 6 -10 -19 -8 29 54 94 94 92 90 90 91 91 90 92 89 89 92 95 97 98 99 100 101 103 104 105 105 104 103 102 105 108 111 112 112 112 113 113 112 111 111 111 113 116 116 115 115 115 117 118 120 121 122 121 119 117 117 115 117 118 118 119 119 119 120 122 120 119 117 115 113 113 114 116 116 118 118
-9999 -9999 -9999 -9999 -9999 -9999 -9999 -9999 -9999 -9999 -9999 -9999 -17 -9 5 6 37 53 72 84 84 82 84 86 86 86 84 84 88 91 95 97 98 99 99 100 101 104 106 106 105 104 104 107 110 113 115 115 115 115 115 114 113 113 113 114 116 117 118 119 120 120 120 121 123 125 124 121 119 116 117 119 120 120 120 121 121 122 123 124 124 122 119 117 116 117 118 119 120 119
-9999 -9999 -9999 -9999 -9999 -9999 -9999 -9999 -9999 -9999 -9999 -9999 -11 9 15 7 12 52 43 69 71 72 78 82 82 83 85 86 87 90 94 95 96 96 98 99 102 105 107 108 108 107 108 110 112 114 116 115 115 115 115 114 113 112 113 114 116 117 119 121 123 123 125 124 125 126 126 123 120 120 122 124 123 123 122 123 124 124 125 127 127 125 123 122 120 121 121 122 122 120
-9999 -9999 -9999 -9999 -9999 -9999 -9999 -9999 -9999 -9999 -9999 -9999 0 17 19 15 28 33 32 48 62 64 74 77 77 80 84 88 92 91 91 93 94 96 97 100 104 108 111 113 112 111 111 113 114 115 115 115 115 117 116 115 115 115 117 119 120 121 122 124 124 126 127 128 127 127 126 124 122 121 121 123 124 125 125 125 125 126 127 128 128 128 125 122 122 121 122 122 122 122
-9999 -9999 -9999 -9999 -9999 -9999 -9999 -9999 -9999 -9999 -9999 -9999 15 18 18 21 25 26 12 51 79 76 81 76 79 84 87 91 94 96 96 97 98 97 98 102 106 111 116 116 115 115 116 115 115 116 116 116 117 117 116 116 117 118 119 121 122 123 123 122 124 126 128 129 130 129 128 125 122 119 120 121 121 123 125 125 126 127 128 127 126 125 123 121 121 122 122 124 124 122
-9999 -9999 -9999 -9999 -9999 -9999 -9999 -9999 -9999 -9999 -9999 -9999 45 15 12 20 28 35 4 36 94 92 91 85 86 90 93 92 96 98 99 100 100 99 99 102 106 109 112 112 113 114 115 117 117 117 117 117 117 117 117 118 120 121 122 124 124 124 123 122 122 124 128 130 129 129 127 125 122 121 120 120 122 125 125 125 125 127 127 127 125 124 123 122 123 123 123 124 123 121
-9999 -9999 -9999 -9999 -9999 -9999 -9999 -9999 -9999 -9999 -9999 -9999 53 33 19 28 56 68 55 76 98 102 102 96 95 97 99 97 101 99 101 101 103 105 103 103 106 108 109 111 112 113 114 115 114 114 115 116 117 117 118 119 121 122 124 126 127 126 124 123 123 124 127 128 128 126 125 125 124 122 124 124 125 126 127 126 127 129 129 128 126 125 125 124 124 124 123 123 121 120
-9999 -9999 -9999 -9999 -9999 -9999 -9999 -9999 -9999 -9999 -9999 -9999 22 31 58 65 71 90 105 104 104 107 109 106 104 105 106 104 106 106 104 106 108 108 107 105 106 107 108 110 111 113 115 116 115 115 116 117 119 120 121 121 122 124 127 130 131 130 128 126 125 125 127 127 126 126 125 126 127 127 127 127 127 126 126 127 128 130 130 129 128 127 127 127 126 126 125 125 123 121
-9999 -9999 -9999 -9999 -9999 -9999 -9999 -9999 -9999 -9999 -9999 -9999 21 45 15 53 57 45 87 106 111 114 115 114 112 111 111 111 112 112 109 108 111 111 111 110 109 109 110 111 113 115 117 118 117 117 118 120 122 123 124 124 125 126 129 132 133 133 131 130 128 128 129 129 127 127 128 129 129 128 127 127 127 128 127 129 131 131 131 130 130 129 129 128 128 128 128 127 126 125
-9999 -9999 -9999 -9999 -9999 -9999 -9999 -9999 -9999 -9999 -9999 -9999 54 61 28 13 49 23 39 88 105 110 114 115 117 115 115 116 118 117 116 115 115 115 115 116 115 114 113 114 116 118 120 119 118 119 120 121 123 125 126 125 126 129 130 133 134 134 132 131 130 129 130 130 129 128 129 129 129 128 127 129 130 129 131 132 133 132 132 131 131 130 130 129 129 129 129 128 127 126
-9999 -9999 -9999 -9999 -9999 -9999 -9999 -9999 -9999 -9999 -9999 44 58 61 61 13 33 42 23 72 100 104 107 113 116 116 117 117 117 118 117 115 114 114 115 116 116 116 117 119 120 122 122 121 121 121 120 121 124 126 126 127 128 129 131 133 134 134 133 132 131 131 131 132 132 131 132 131 131 130 132 132 132 132 133 135 136 134 134 134 135 133 130 129 129 128 129 128 128 129
-9999 -9999 -9999 -9999 -9999 -9999 -9999 -9999 -9999 -9999 -9999 51 53 57 60 55 30 58 70 86 102 101 100 109 114 116 115 117 118 117 116 114 113 113 114 116 117 119 120 120 122 123 124 124 124 123 122 123 125 127 127 128 129 130 132 133 134 134 134 134 134 134 134 134 135 134 135 134 133 131 134 135 133 134 135 136 136 136 135 136 136 135 131 130 130 129 128 128 129 129
-9999 -9999 -9999 -9999 -9999 -9999 -9999 -9999 -9999 -9999 27 46 50 54 58 42 10 32 57 82 96 98 103 108 109 112 114 116 115 114 114 113 113 115 116 117 119 121 123 125 124 125 125 126 126 125 124 124 126 127 128 129 130 131 133 133 134 134 134 135 136 137 137 136 137 137 137 136 134 133 135 136 135 136 138 137 136 137 137 136 136 136 134 133 132 131 130 129 129 130
-9999 -9999 -9999 -9999 -9999 -9999 -9999 -9999 -9999 -9999 7 34 50 53 56 55 50 26 36 46 78 98 105 109 111 115 113 110 109 110 111 113 116 117 119 120 122 123 125 126 126 127 129 129 129 128 127 128 128 128 130 132 133 134 136 136 135 134 134 136 137 139 138 138 138 139 139 139 137 135 137 139 138 138 139 138 136 137 138 138 138 137 136 135 134 133 132 130 130 130
-9999 -9999 -9999 -9999 -9999 -9999 -9999 -9999 -9999 -1 14 34 49 54 54 54 47 11 17 55 73 88 106 111 112 112 109 105 105 108 111 114 117 119 121 122 124 125 127 127 128 129 131 133 132 130 130 131 132 132 134 137 138 137 138 137 136 137 137 138 139 140 140 139 138 140 141 141 140 139 141 140 140 140 141 140 138 138 139 140 140 140 138 136 134 132 131 131 131 130
-9999 -9999 -9999 -9999 -9999 -9999 -9999 -9999 -9999 10 13 28 46 53 56 57 41 6 31 59 76 85 70 97 108 105 104 101 106 112 117 120 120 121 123 125 126 127 128 129 130 131 133 135 135 134 135 135 137 138 139 141 142 141 141 141 139 140 141 142 141 142 142 142 141 142 143 143 142 142 143 142 142 142 142 142 140 140 141 142 142 140 138 135 133 131 129 129 130 130
-9999 -9999 -9999 -9999 -9999 -9999 -9999 -9999 -9999 40 14 25 38 53 60 55 24 11 44 54 61 69 77 67 81 92 103 109 114 118 122 125 125 126 126 125 126 128 129 131 132 134 136 137 136 136 136 136 139 139 140 142 144 143 142 143 144 144 144 144 143 144 144 143 144 145 145 145 144 142 143 143 143 144 144 144 143 142 143 144 143 139 137 134 132 130 129 129 129 129
-9999 -9999 -9999 -9999 -9999 -9999 -9999 -9999 52 55 25 23 38 54 61 49 15 22 49 66 75 84 94 87 84 88 100 107 112 115 119 122 123 124 124 125 127 130 133 135 136 137 138 139 138 137 138 138 139 140 141 144 146 147 148 146 147 145 145 146 145 146 146 146 147 148 148 147 147 145 145 145 145 147 147 148 146 145 146 145 144 140 136 134 132 130 130 131 130 132
-9999 -9999 -9999 -9999 -9999 -9999 -9999 -9999 63 63 41 31 49 62 72 45 10 32 52 77 90 96 94 82 85 94 100 106 110 114 119 122 124 125 126 127 128 132 134 135 137 138 139 138 135 135 136 137 138 140 141 143 145 146 148 150 147 146 145 144 145 147 148 148 148 150 150 150 150 148 148 149 148 150 149 149 147 147 148 148 146 142 138 135 133 131 135 136 135 136
-9999 -9999 -9999 -9999 -9999 -9999 -9999 -9999 61 64 58 52 74 76 80 70 36 33 41 87 96 99 98 93 97 99 101 107 113 117 121 124 125 126 127 128 129 132 133 135 136 138 139 137 135 135 136 137 139 139 141 145 147 147 147 149 149 148 147 145 147 148 149 149 150 151 151 151 151 151 150 151 151 152 151 150 148 149 151 150 147 143 139 136 135 136 139 139 137 138
