Project_folder/Species_1/M_variables/Set_2/bio_1.asc
ncols         249
nrows         150
xllcorner     -108.16666292027
yllcorner     24.666671082377
cellsize      0.16666667535901
NODATA_value  -9999
[rows 80 to 119 of 150, columns 90 to 179 of 249]
142 142 142 143 143 142 140 139 139 140 141 143 146 148 150 150 150 150 149 150 150 149 147 146 145 144 144 143 142 142 142 141 139 140 139 140 140 140 143 144 143 143 143 142 140 137 135 131 126 126 127 124 121 121 133 133 131 131 131 132 133 133 130 129 123 118 107 104 100 104 113 127 132 133 136 138 140 141 143 142 143 144 144 143 142 143 144 145 144 145
142 143 142 142 142 142 143 143 144 145 147 148 151 153 153 152 153 152 151 151 152 151 150 148 147 146 145 145 144 143 142 141 139 139 139 139 139 141 144 145 144 142 141 142 140 138 134 127 125 126 127 129 125 133 138 137 137 134 132 135 135 133 124 113 111 105 95 96 111 121 132 133 131 135 139 143 145 146 145 145 146 146 146 145 144 146 148 147 147 148
141 142 143 141 141 143 145 147 148 147 150 153 155 156 156 156 155 154 153 153 154 153 152 151 149 148 146 145 144 143 142 142 141 140 140 138 138 140 142 144 145 143 140 139 140 139 136 128 127 126 127 135 138 139 141 142 139 136 134 131 130 124 119 107 106 107 108 112 132 138 136 138 139 140 143 145 147 149 149 149 148 147 147 147 147 150 150 151 150 151
139 139 139 141 142 142 143 146 150 151 153 156 157 158 158 158 157 155 154 155 155 153 153 153 152 150 148 147 146 145 144 142 141 141 141 141 140 141 142 144 145 143 140 139 141 139 134 130 131 129 138 138 139 141 142 141 133 127 122 107 112 107 120 123 104 98 126 135 141 141 144 144 144 144 145 147 149 151 151 152 150 148 147 149 151 152 152 154 154 153
145 144 143 146 148 148 148 147 149 152 156 158 159 159 159 159 158 157 156 156 156 155 155 154 153 152 150 149 148 148 146 143 141 140 140 142 142 144 145 146 144 142 140 141 139 132 130 135 131 139 141 139 139 142 140 126 113 101 94 98 103 112 118 125 118 122 136 140 136 141 146 148 147 148 147 148 149 152 152 152 152 152 151 153 154 154 154 155 156 156
152 152 152 152 151 150 150 153 156 155 158 159 160 160 160 160 159 159 159 158 157 156 156 154 154 152 151 150 150 150 148 145 142 141 140 141 143 143 144 145 145 143 142 139 131 131 135 134 141 145 142 141 140 139 121 119 118 120 116 115 100 101 109 125 123 132 147 147 145 148 149 150 151 151 151 152 152 152 154 153 154 154 155 154 154 156 156 156 157 158
156 157 159 157 156 155 154 156 159 160 160 160 161 161 160 160 160 160 160 160 159 157 155 153 153 153 152 151 152 152 149 146 143 143 143 143 147 146 145 145 144 143 143 138 133 134 138 138 146 145 144 141 136 128 114 113 113 109 121 114 111 105 121 124 129 142 150 150 150 151 150 152 154 154 153 153 154 155 157 157 155 155 156 157 157 158 158 157 158 159
158 157 161 161 160 159 159 161 162 162 161 161 161 161 160 161 160 161 162 161 159 157 155 154 153 153 153 153 154 154 150 147 146 147 147 147 149 149 147 145 145 144 139 138 140 145 140 148 147 145 145 136 131 129 130 126 116 106 119 110 112 128 129 141 148 151 153 152 151 152 152 153 155 156 155 154 155 157 160 160 158 158 158 158 159 159 159 159 160 161
155 158 161 162 163 163 162 163 163 163 162 161 160 160 160 160 160 161 161 159 158 156 154 154 153 154 154 156 155 155 153 152 152 152 151 151 151 149 148 148 146 142 140 144 146 140 142 149 147 147 143 124 130 131 128 125 121 120 125 129 138 150 151 153 154 156 156 155 154 154 155 155 156 157 156 154 156 159 160 161 161 160 161 160 160 160 161 161 161 162
153 159 162 162 164 165 165 165 166 165 163 162 161 160 159 160 160 161 160 159 157 156 155 156 156 155 156 157 156 155 154 154 155 156 155 154 153 153 152 151 150 146 147 149 141 141 140 146 145 149 145 134 131 126 122 122 125 132 137 144 149 154 155 156 157 157 157 156 156 155 157 157 158 158 157 156 157 159 162 164 164 164 163 162 161 161 161 162 163 164
157 160 163 164 165 166 166 166 168 168 164 162 162 161 161 161 161 161 160 159 157 157 158 159 158 158 158 159 159 156 154 152 151 154 155 155 154 155 155 154 153 151 151 144 142 140 143 147 146 150 149 142 135 130 134 138 139 142 145 154 155 157 158 157 158 158 157 157 157 159 159 159 159 160 158 158 160 161 163 165 167 166 165 164 162 162 162 163 164 166
160 162 163 165 165 166 168 168 169 168 165 164 163 163 163 163 163 163 161 160 160 159 159 160 161 161 162 161 160 157 154 151 150 151 154 154 155 154 153 151 153 154 149 146 146 146 151 150 151 150 150 144 143 142 144 146 146 149 154 157 157 159 159 159 159 159 159 158 159 161 162 161 162 163 162 161 162 163 165 167 169 168 167 165 164 164 163 164 166 168
163 164 163 165 166 167 169 170 170 169 168 166 166 165 166 166 166 165 164 162 161 161 161 161 162 163 165 163 162 158 154 150 150 151 153 153 152 151 152 152 154 152 150 151 150 154 153 154 153 152 151 148 148 148 148 150 153 155 157 158 158 159 160 161 161 160 160 161 162 162 163 165 165 164 165 165 165 166 168 169 170 171 169 167 166 166 166 167 167 169
165 164 163 164 166 167 168 170 170 170 170 169 167 167 168 168 168 167 165 163 163 163 162 163 164 164 165 165 163 159 155 152 152 153 154 155 154 155 156 155 155 153 155 155 157 156 154 154 154 154 154 152 151 150 152 153 157 159 160 160 161 161 162 163 163 162 161 162 164 165 166 168 170 169 169 169 168 169 169 170 171 172 171 170 168 169 168 169 169 170
166 165 164 164 166 167 168 168 169 171 171 170 168 168 169 170 170 169 167 165 165 164 165 165 165 165 166 166 163 160 157 155 155 155 156 157 158 159 159 158 154 157 159 158 155 153 151 153 152 152 153 154 155 154 155 156 158 161 163 163 162 163 163 164 165 163 164 164 164 165 167 169 173 174 172 173 172 171 171 171 172 172 173 173 172 171 170 170 170 171
167 166 166 165 165 166 167 167 168 170 171 170 169 169 170 171 172 171 170 166 165 165 166 166 165 166 167 167 165 162 160 158 158 157 159 160 162 162 162 157 159 160 161 159 155 151 152 152 151 154 155 159 159 158 159 160 161 163 165 165 164 164 164 164 165 166 166 165 165 168 170 171 173 175 175 175 173 173 172 172 172 173 174 174 174 173 172 171 -9999 -9999
168 168 167 167 166 166 166 167 167 169 170 171 171 171 172 173 173 173 171 167 164 164 164 166 166 168 168 168 168 165 163 161 162 161 161 163 163 164 163 162 162 163 162 160 156 154 153 153 155 156 159 160 161 162 162 163 164 166 167 167 165 165 166 166 165 167 168 168 168 170 172 173 175 176 176 176 175 174 173 173 174 175 175 175 175 174 -9999 -9999 -9999 -9999
170 169 169 169 168 167 167 167 168 170 172 172 173 173 173 174 174 174 171 167 165 165 166 166 167 168 167 168 169 166 165 165 165 165 164 164 165 165 165 164 166 164 161 156 153 156 156 155 158 160 160 162 163 162 164 167 168 170 170 169 168 167 167 167 167 167 169 172 171 172 174 175 177 178 178 178 177 176 175 175 176 177 177 176 176 -9999 -9999 -9999 -9999 -9999
171 171 170 169 169 169 168 168 169 172 173 174 174 174 174 175 175 174 171 168 167 166 166 166 167 168 169 169 169 168 167 168 168 170 168 166 166 167 166 167 167 165 159 156 156 159 158 159 163 163 163 164 164 164 166 168 171 172 172 172 170 169 170 169 170 171 171 173 174 174 176 177 178 179 179 179 179 178 178 178 178 178 178 178 178 -9999 -9999 -9999 -9999 -9999
172 172 172 171 171 171 170 170 171 174 174 175 175 175 175 175 176 174 170 169 169 168 167 167 167 167 169 170 170 170 169 169 171 172 171 169 169 168 167 168 166 162 161 161 160 163 163 164 166 165 165 166 166 166 167 170 174 173 174 174 172 172 171 173 174 173 173 174 176 177 178 179 179 180 180 180 180 180 180 181 181 180 180 179 -9999 -9999 -9999 -9999 -9999 -9999
172 173 173 173 173 173 174 173 174 175 176 176 175 175 175 177 177 173 170 169 169 169 169 168 169 169 168 170 171 172 171 171 173 172 171 172 171 170 167 168 168 166 164 165 165 165 166 168 168 167 166 168 169 170 171 173 175 176 176 177 177 174 173 175 177 177 176 176 178 180 181 181 181 181 180 181 181 182 184 185 184 183 -9999 -9999 -9999 -9999 -9999 -9999 -9999 -9999
173 174 175 175 175 176 177 177 177 177 177 177 176 176 177 177 176 175 173 171 171 171 170 170 169 169 170 171 173 172 173 173 174 174 173 174 173 173 171 170 171 170 168 168 167 167 167 169 171 171 170 172 174 175 175 176 178 179 178 178 178 177 176 178 179 179 180 180 180 182 184 183 182 181 181 182 183 184 186 187 186 -9999 -9999 -9999 -9999 -9999 -9999 -9999 -9999 -9999
175 175 176 176 177 178 180 180 179 179 178 178 178 178 178 177 177 177 176 174 173 172 172 170 170 171 172 173 173 174 173 174 175 176 175 176 176 176 176 175 175 176 173 172 171 171 170 172 175 176 176 175 174 176 178 177 179 181 180 179 179 179 179 180 181 182 182 183 184 185 186 185 184 183 183 184 184 185 186 187 -9999 -9999 -9999 -9999 -9999 -9999 -9999 -9999 -9999 -9999
177 177 177 177 178 180 181 181 181 180 180 179 180 181 179 178 177 177 177 176 175 173 172 172 172 172 174 174 175 174 175 176 176 176 176 177 180 182 180 180 180 180 178 177 175 175 174 176 178 180 179 176 176 178 179 180 181 182 182 181 181 181 182 182 184 185 186 186 186 187 187 187 186 186 186 186 186 185 -9999 -9999 -9999 -9999 -9999 -9999 -9999 -9999 -9999 -9999 -9999 -9999
177 178 179 179 180 180 182 182 182 182 182 181 181 181 180 178 177 178 178 176 175 174 173 173 173 174 174 174 175 176 177 177 177 177 177 179 181 181 181 180 181 181 179 178 177 176 177 178 179 181 179 178 178 179 181 182 182 183 184 183 182 182 183 185 185 187 187 188 188 189 189 189 188 187 187 187 187 -9999 -9999 -9999 -9999 -9999 -9999 -9999 -9999 -9999 -9999 -9999 -9999 -9999
178 179 180 180 181 182 182 183 183 184 184 183 182 180 179 178 178 179 177 176 176 175 176 175 174 175 176 175 175 177 179 178 177 178 179 179 180 181 180 180 180 179 179 178 177 177 179 180 181 181 180 180 179 180 182 184 184 184 185 184 183 184 184 185 186 188 188 189 190 190 190 190 190 189 188 -9999 -9999 -9999 -9999 -9999 -9999 -9999 -9999 -9999 -9999 -9999 -9999 -9999 -9999 -9999
182 182 182 182 183 183 182 184 184 185 186 185 181 180 179 180 180 180 179 177 176 178 178 177 177 176 177 176 177 178 179 179 178 180 180 178 180 180 180 179 179 179 179 179 179 179 179 181 182 183 183 183 183 183 184 186 185 184 185 186 185 185 185 186 187 188 190 190 191 192 191 191 190 190 -9999 -9999 -9999 -9999 -9999 -9999 -9999 -9999 -9999 -9999 -9999 -9999 -9999 -9999 -9999 -9999
185 185 184 184 184 183 183 184 185 186 186 185 182 180 179 179 180 180 180 178 178 179 180 180 179 178 177 177 177 180 181 180 178 179 180 180 178 179 180 180 179 179 180 181 182 182 182 183 185 185 186 186 186 186 187 187 185 185 185 186 186 186 185 186 187 188 189 191 192 192 192 191 191 -9999 -9999 -9999 -9999 -9999 -9999 -9999 -9999 -9999 -9999 -9999 -9999 -9999 -9999 -9999 -9999 -9999
186 188 188 186 185 185 185 186 186 187 187 183 181 180 179 179 179 181 183 182 181 182 182 182 181 179 178 179 179 181 182 181 180 181 180 179 178 179 180 179 179 179 181 183 184 185 185 185 187 187 188 188 189 189 189 188 186 186 186 186 186 186 186 188 189 190 190 191 192 192 192 191 191 -9999 -9999 -9999 -9999 -9999 -9999 -9999 -9999 -9999 -9999 -9999 -9999 -9999 -9999 -9999 -9999 -9999
186 189 190 189 186 185 186 187 187 188 186 185 183 182 180 180 181 182 184 185 184 184 184 184 182 180 179 180 181 182 184 184 183 183 180 180 180 180 180 179 179 180 183 184 186 187 187 187 189 189 190 190 191 191 190 188 188 188 188 188 188 188 189 190 191 191 192 192 192 193 193 192 -9999 -9999 -9999 -9999 -9999 -9999 -9999 -9999 -9999 -9999 -9999 -9999 -9999 -9999 -9999 -9999 -9999 -9999
187 189 189 189 188 187 188 188 188 188 188 185 183 181 181 182 184 185 185 187 187 186 185 186 184 182 181 182 183 184 186 187 187 184 182 182 181 180 181 181 181 182 184 186 188 188 189 189 191 191 192 192 193 193 191 190 190 190 190 190 190 189 190 191 193 193 193 193 194 195 195 194 -9999 -9999 -9999 -9999 -9999 -9999 -9999 -9999 -9999 -9999 -9999 -9999 -9999 -9999 -9999 -9999 -9999 -9999
186 188 189 188 189 189 190 189 189 189 186 186 184 183 183 184 186 187 187 188 189 187 187 187 185 184 184 184 185 186 188 190 188 186 185 185 183 183 183 183 184 185 187 188 189 189 190 191 192 192 193 194 194 193 192 192 192 192 192 193 192 191 191 192 193 194 194 195 196 197 197 -9999 -9999 -9999 -9999 -9999 -9999 -9999 -9999 -9999 -9999 -9999 -9999 -9999 -9999 -9999 -9999 -9999 -9999 -9999
189 189 189 190 190 191 191 191 191 190 188 188 187 186 186 186 187 188 188 189 190 189 189 188 188 187 187 186 188 189 191 192 191 190 188 188 186 186 186 186 186 187 188 190 190 190 191 192 192 193 194 194 193 192 193 194 193 193 194 194 194 192 192 193 194 195 196 197 198 198 199 -9999 -9999 -9999 -9999 -9999 -9999 -9999 -9999 -9999 -9999 -9999 -9999 -9999 -9999 -9999 -9999 -9999 -9999 -9999
190 191 191 191 191 192 192 192 192 192 191 190 190 190 189 189 189 188 189 190 190 190 190 190 191 191 190 190 190 191 194 194 192 192 192 192 191 191 189 189 189 190 190 192 192 191 191 192 193 194 193 192 193 193 193 194 194 194 194 195 195 194 194 194 195 197 198 199 200 200 200 -9999 -9999 -9999 -9999 -9999 -9999 -9999 -9999 -9999 -9999 -9999 -9999 -9999 -9999 -9999 -9999 -9999 -9999 -9999
192 193 193 193 193 193 193 193 193 193 193 193 193 192 192 192 191 191 190 191 191 191 192 193 194 194 193 193 193 193 195 194 193 194 195 195 195 194 192 191 192 192 193 193 193 191 191 192 193 193 192 193 194 194 194 193 194 195 195 196 196 195 196 196 196 197 199 200 201 202 203 -9999 -9999 -9999 -9999 -9999 -9999 -9999 -9999 -9999 -9999 -9999 -9999 -9999 -9999 -9999 -9999 -9999 -9999 -9999
195 195 195 194 194 194 194 195 194 194 194 194 194 194 194 194 194 193 193 193 193 193 193 195 197 197 196 194 194 194 196 196 196 197 198 198 198 196 194 194 195 195 195 195 194 193 193 194 195 194 195 195 196 196 195 194 195 196 196 197 198 198 198 197 197 197 199 201 203 205 206 -9999 -9999 -9999 -9999 -9999 -9999 -9999 -9999 -9999 -9999 -9999 -9999 -9999 -9999 -9999 -9999 -9999 -9999 -9999
197 197 196 196 195 195 196 196 196 195 195 195 195 196 196 196 196 196 195 196 196 195 195 195 198 199 198 197 196 197 198 199 199 198 199 199 199 -9999 -9999 -9999 -9999 -9999 196 196 196 196 196 196 197 196 197 197 197 197 197 197 198 198 198 198 199 199 199 199 198 198 199 203 205 207 207 -9999 -9999 -9999 -9999 -9999 -9999 -9999 -9999 -9999 -9999 -9999 -9999 -9999 -9999 -9999 -9999 -9999 -9999 -9999
199 198 198 197 196 196 197 197 196 196 196 197 198 198 198 198 199 201 202 200 199 198 198 198 -9999 -9999 -9999 -9999 -9999 -9999 -9999 -9999 -9999 -9999 -9999 -9999 -9999 -9999 -9999 -9999 -9999 -9999 -9999 -9999 198 199 199 198 198 198 198 198 199 198 198 199 200 200 199 199 200 200 201 201 200 199 200 203 206 207 207 208 -9999 -9999 -9999 -9999 -9999 -9999 -9999 -9999 -9999 -9999 -9999 -9999 -9999 -9999 -9999 -9999 -9999 -9999
200 199 199 198 197 197 197 197 197 197 198 199 199 199 199 200 201 203 203 202 202 201 200 200 -9999 -9999 -9999 -9999 -9999 -9999 -9999 -9999 -9999 -9999 -9999 -9999 -9999 -9999 -9999 -9999 -9999 -9999 -9999 -9999 -9999 200 200 200 200 200 200 200 200 -9999 -9999 -9999 201 201 200 199 200 202 203 202 202 201 200 202 205 207 207 208 -9999 -9999 -9999 -9999 -9999 -9999 -9999 -9999 -9999 -9999 -9999 -9999 -9999 -9999 -9999 -9999 -9999 -9999
201 200 200 199 198 198 197 198 198 199 200 200 201 201 201 202 203 204 204 203 203 202 202 202 -9999 -9999 -9999 -9999 -9999 -9999 -9999 -9999 -9999 -9999 -9999 -9999 -9999 -9999 -9999 -9999 -9999 -9999 -9999 -9999 -9999 -9999 202 202 201 201 201 201 -9999 -9999 -9999 -9999 -9999 201 201 200 200 202 203 204 203 202 202 203 206 207 208 208 -9999 -9999 -9999 -9999 -9999 -9999 -9999 -9999 -9999 -9999 -9999 -9999 -9999 -9999 -9999 -9999 -9999 -9999
