Project_folder/Species_1/M_variables/Set_2/bio_1.asc
ncols         249
nrows         150
xllcorner     -108.16666292027
yllcorner     24.666671082377
cellsize      0.16666667535901
NODATA_value  -9999
[rows 0 to 39 of 150, columns 0 to 89 of 249]
-9999 -9999 -9999 -9999 -9999 -9999 -9999 -9999 -9999 -9999 -9999 -9999 -9999 -9999 -9999 -9999 -9999 -9999 -9999 -9999 -9999 -9999 -9999 -9999 -9999 -9999 -9999 -9999 -9999 -9999 -9999 -9999 -9999 -9999 -9999 -9999 -9999 -9999 -9999 -9999 -9999 -9999 -9999 -9999 -9999 -9999 -9999 -9999 -9999 -9999 -9999 -9999 -9999 -9999 -9999 -9999 -9999 -9999 -9999 -9999 -9999 -9999 -9999 -9999 -9999 -9999 -9999 -9999 -9999 -9999 -9999 -9999 -9999 -9999 -9999 -9999 -9999 -9999 -9999 -9999 -9999 -9999 -9999 -9999 -9999 -9999 -9999 -9999 -9999 -9999
-9999 -9999 -9999 -9999 -9999 -9999 -9999 -9999 -9999 -9999 -9999 -9999 -9999 -9999 -9999 -9999 -9999 -9999 -9999 -9999 -9999 -9999 -9999 -9999 -9999 -9999 -9999 -9999 -9999 -9999 -9999 -9999 -9999 -9999 -9999 -9999 -9999 -9999 -9999 -9999 -9999 -9999 -9999 -9999 -9999 -9999 -9999 -9999 -9999 -9999 -9999 -9999 -9999 -9999 -9999 -9999 -9999 -9999 -9999 -9999 -9999 -9999 -9999 -9999 -9999 -9999 -9999 -9999 -9999 -9999 -9999 -9999 -9999 -9999 -9999 -9999 20 21 22 22 23 -9999 -9999 -9999 -9999 -9999 -9999 -9999 -9999 -9999
-9999 -9999 -9999 -9999 -9999 -9999 -9999 -9999 -9999 -9999 -9999 -9999 -9999 -9999 -9999 -9999 -9999 -9999 -9999 -9999 -9999 -9999 -9999 -9999 -9999 -9999 -9999 -9999 -9999 -9999 -9999 -9999 -9999 -9999 -9999 -9999 -9999 -9999 -9999 -9999 -9999 -9999 -9999 -9999 -9999 -9999 -9999 -9999 -9999 -9999 -9999 -9999 -9999 -9999 -9999 -9999 -9999 -9999 -9999 -9999 -9999 -9999 -9999 -9999 -9999 -9999 -9999 -9999 -9999 -9999 -9999 -9999 -9999 -9999 -9999 -9999 19 21 22 23 24 24 -9999 -9999 -9999 -9999 -9999 -9999 -9999 -9999
-9999 -9999 -9999 -9999 -9999 -9999 -9999 -9999 -9999 -9999 -9999 -9999 -9999 -9999 -9999 -9999 -9999 -9999 -9999 -9999 -9999 -9999 -9999 -9999 -9999 -9999 -9999 -9999 -9999 -9999 -9999 -9999 -9999 -9999 -9999 -9999 -9999 -9999 -9999 -9999 32 33 34 34 32 28 23 21 21 22 24 27 30 30 29 28 27 27 26 26 30 33 32 31 30 29 28 26 25 24 23 22 21 20 19 20 21 23 23 24 24 25 -9999 -9999 -9999 -9999 -9999 -9999 -9999 -9999
-9999 -9999 -9999 -9999 -9999 -9999 -9999 -9999 -9999 -9999 -9999 -9999 -9999 -9999 -9999 -9999 -9999 -9999 -9999 -9999 -9999 -9999 -9999 -9999 -9999 -9999 -9999 -9999 -9999 -9999 -9999 -9999 -9999 -9999 -9999 -9999 -9999 -9999 -9999 -9999 34 36 37 36 33 30 24 22 22 20 22 26 30 31 30 29 28 26 25 24 28 32 33 33 32 31 30 29 27 26 25 25 24 23 22 22 22 24 24 25 25 25 24 -9999 -9999 -9999 -9999 -9999 -9999 -9999
-9999 -9999 -9999 -9999 -9999 -9999 -9999 -9999 -9999 -9999 -9999 -9999 -9999 -9999 -9999 -9999 -9999 -9999 -9999 -9999 -9999 -9999 -9999 -9999 -9999 -9999 -9999 -9999 -9999 -9999 -9999 -9999 -9999 -9999 -9999 -9999 -9999 -9999 -9999 35 36 38 38 37 34 33 32 30 30 29 27 28 30 32 31 29 28 27 24 24 26 32 35 35 34 33 33 31 29 27 27 27 26 24 23 23 23 24 24 25 26 26 25 26 26 26 26 27 27 27
-9999 -9999 -9999 -9999 -9999 -9999 -9999 -9999 -9999 -9999 -9999 -9999 -9999 -9999 -9999 -9999 -9999 -9999 -9999 -9999 -9999 -9999 -9999 -9999 -9999 -9999 -9999 -9999 -9999 -9999 -9999 -9999 -9999 -9999 -9999 -9999 -9999 -9999 -9999 37 38 40 40 38 36 35 34 34 34 34 32 32 32 33 33 31 30 29 27 26 28 33 38 38 37 36 34 33 31 29 28 29 28 27 26 25 25 25 26 26 27 27 27 27 27 28 28 28 28 28
-9999 -9999 -9999 -9999 -9999 -9999 -9999 -9999 -9999 -9999 -9999 -9999 -9999 -9999 -9999 -9999 -9999 -9999 -9999 -9999 -9999 -9999 -9999 -9999 -9999 -9999 -9999 -9999 -9999 -9999 -9999 -9999 -9999 -9999 -9999 -9999 -9999 -9999 -9999 38 40 43 43 41 40 38 37 38 39 39 36 34 34 35 34 34 32 31 30 29 30 35 41 41 39 37 36 34 33 32 31 31 31 31 30 29 28 28 28 29 30 30 29 29 28 28 28 28 29 28
-9999 -9999 -9999 -9999 -9999 -9999 -9999 -9999 -9999 -9999 -9999 -9999 -9999 -9999 -9999 -9999 -9999 -9999 -9999 -9999 -9999 -9999 -9999 -9999 -9999 -9999 -9999 -9999 -9999 -9999 -9999 -9999 -9999 -9999 -9999 -9999 -9999 -9999 36 38 42 45 45 45 44 42 41 42 42 42 39 36 35 36 36 35 34 33 32 32 31 36 40 41 40 39 38 36 35 34 34 34 35 35 33 32 31 30 30 31 32 33 32 30 29 28 28 28 28 28
-9999 -9999 -9999 -9999 -9999 -9999 -9999 -9999 -9999 -9999 -9999 -9999 -9999 -9999 -9999 -9999 -9999 -9999 -9999 -9999 -9999 -9999 -9999 -9999 -9999 -9999 -9999 -9999 -9999 -9999 -9999 -9999 -9999 -9999 -9999 -9999 -9999 -9999 39 39 40 43 45 45 46 46 45 45 45 44 41 39 37 38 38 37 36 35 34 34 32 34 38 40 40 40 40 39 37 37 37 37 37 36 35 34 33 32 33 33 34 35 33 31 29 28 27 27 28 28
-9999 -9999 -9999 -9999 -9999 -9999 -9999 -9999 -9999 -9999 -9999 -9999 -9999 -9999 -9999 -9999 -9999 -9999 -9999 -9999 -9999 -9999 -9999 -9999 -9999 -9999 -9999 -9999 -9999 -9999 -9999 -9999 -9999 -9999 -9999 -9999 -9999 -9999 41 41 40 39 42 44 49 50 48 47 46 45 44 43 41 40 39 37 37 37 37 37 35 34 38 39 39 41 41 41 39 39 40 40 39 38 37 35 34 34 34 34 34 33 32 30 29 28 27 27 28 29
-9999 -9999 -9999 -9999 -9999 -9999 -9999 -9999 -9999 -9999 -9999 -9999 -9999 -9999 -9999 -9999 -9999 -9999 -9999 -9999 -9999 -9999 -9999 -9999 -9999 -9999 -9999 -9999 -9999 -9999 -9999 -9999 -9999 -9999 -9999 -9999 -9999 46 44 43 43 43 44 45 46 49 49 48 47 46 46 46 44 42 40 39 38 37 39 40 39 37 38 40 39 41 42 42 41 41 41 41 40 38 36 35 34 33 32 32 32 32 32 31 30 28 26 26 27 29
-9999 -9999 -9999 -9999 -9999 -9999 -9999 -9999 -9999 -9999 -9999 -9999 -9999 -9999 -9999 -9999 -9999 -9999 -9999 -9999 -9999 -9999 -9999 -9999 -9999 -9999 -9999 -9999 -9999 -9999 -9999 -9999 -9999 -9999 -9999 -9999 -9999 50 49 48 48 48 48 48 48 48 48 46 44 45 47 47 45 43 42 41 39 38 39 42 42 39 40 41 41 42 43 44 44 43 43 41 40 39 37 34 32 32 32 32 32 33 33 33 32 30 27 27 29 30
-9999 -9999 -9999 -9999 -9999 -9999 -9999 -9999 -9999 -9999 -9999 -9999 -9999 -9999 -9999 -9999 -9999 -9999 -9999 -9999 -9999 -9999 -9999 -9999 -9999 -9999 -9999 -9999 -9999 -9999 -9999 -9999 -9999 -9999 -9999 -9999 -9999 52 52 50 51 49 49 48 48 48 47 44 40 41 44 45 45 44 43 44 43 41 42 43 44 41 42 43 43 44 46 46 46 46 44 42 41 40 37 34 33 32 33 33 33 34 35 36 35 33 31 31 32 31
-9999 -9999 -9999 -9999 -9999 -9999 -9999 -9999 -9999 -9999 -9999 -9999 -9999 -9999 -9999 -9999 -9999 -9999 -9999 -9999 -9999 -9999 -9999 -9999 -9999 -9999 -9999 -9999 -9999 -9999 -9999 -9999 -9999 -9999 -9999 -9999 -9999 55 55 53 51 50 50 50 48 48 46 44 41 41 44 45 45 44 46 47 46 44 43 43 43 42 44 45 45 46 48 48 48 47 46 44 42 41 37 33 32 33 34 34 36 37 38 39 37 34 34 35 34 34
-9999 -9999 -9999 -9999 -9999 -9999 -9999 -9999 -9999 -9999 -9999 -9999 -9999 -9999 -9999 -9999 -9999 -9999 -9999 -9999 -9999 -9999 -9999 -9999 -9999 -9999 -9999 -9999 -9999 -9999 -9999 -9999 -9999 -9999 -9999 -9999 -9999 54 53 52 50 48 48 50 46 46 45 45 45 46 48 48 47 46 47 49 48 46 45 43 42 41 44 45 46 48 49 50 50 49 46 43 42 39 36 35 34 34 35 35 36 39 40 39 38 35 34 36 37 36
-9999 -9999 -9999 -9999 -9999 -9999 -9999 -9999 -9999 -9999 -9999 -9999 -9999 -9999 -9999 -9999 -9999 -9999 -9999 -9999 -9999 -9999 -9999 -9999 -9999 -9999 -9999 -9999 -9999 -9999 -9999 -9999 -9999 -9999 -9999 -9999 -9999 54 54 53 53 50 50 53 50 49 49 47 47 49 51 50 50 49 49 50 50 48 45 44 42 42 45 46 48 50 51 51 51 50 47 43 41 39 37 37 36 36 37 38 39 40 41 40 39 37 37 38 39 38
-9999 -9999 -9999 -9999 -9999 -9999 -9999 -9999 -9999 -9999 -9999 -9999 -9999 -9999 -9999 -9999 -9999 -9999 -9999 -9999 -9999 -9999 -9999 -9999 -9999 -9999 -9999 -9999 -9999 -9999 -9999 -9999 -9999 -9999 -9999 -9999 54 55 55 55 54 53 54 54 54 52 51 50 50 51 51 49 49 50 51 51 51 49 47 45 44 44 46 48 50 52 52 52 52 51 49 45 43 41 40 40 38 38 39 40 41 42 43 42 42 41 40 40 40 40
-9999 -9999 -9999 -9999 -9999 -9999 -9999 -9999 -9999 -9999 -9999 -9999 -9999 -9999 -9999 -9999 -9999 -9999 -9999 -9999 -9999 -9999 -9999 -9999 -9999 -9999 -9999 -9999 -9999 -9999 -9999 -9999 -9999 -9999 -9999 -9999 56 57 56 55 55 55 53 54 52 55 52 50 50 50 48 49 50 50 50 50 51 50 49 47 46 47 48 50 51 52 53 53 53 53 52 49 47 44 44 43 42 41 41 43 43 42 44 45 45 43 42 41 41 41
-9999 -9999 -9999 -9999 -9999 -9999 -9999 -9999 -9999 -9999 -9999 -9999 -9999 -9999 -9999 -9999 -9999 -9999 -9999 -9999 -9999 -9999 -9999 -9999 -9999 -9999 -9999 -9999 -9999 -9999 -9999 -9999 -9999 -9999 -9999 -9999 58 57 56 54 54 57 57 57 58 58 54 51 50 48 48 47 47 49 49 49 51 51 51 50 49 49 49 51 53 54 54 54 54 53 53 52 50 48 47 47 45 43 43 45 46 46 46 46 45 44 43 41 40 40
-9999 -9999 -9999 -9999 -9999 -9999 -9999 -9999 -9999 -9999 -9999 -9999 -9999 -9999 -9999 -9999 -9999 -9999 -9999 -9999 -9999 -9999 -9999 -9999 -9999 -9999 -9999 -9999 -9999 -9999 -9999 -9999 -9999 -9999 -9999 -9999 60 59 59 58 58 58 60 60 61 61 59 56 53 51 47 45 46 47 48 48 52 53 52 52 51 51 51 52 54 56 56 56 55 54 54 53 51 49 49 48 46 46 46 47 49 49 49 48 46 45 43 42 40 41
-9999 -9999 -9999 -9999 -9999 -9999 -9999 -9999 -9999 -9999 -9999 -9999 -9999 -9999 -9999 -9999 -9999 -9999 -9999 -9999 -9999 -9999 -9999 -9999 -9999 -9999 -9999 -9999 -9999 -9999 -9999 -9999 -9999 -9999 -9999 -9999 64 63 62 61 62 62 60 59 62 64 60 57 56 51 48 46 47 48 49 50 55 56 54 53 54 53 53 54 56 57 57 57 57 56 55 54 52 50 50 49 49 49 49 51 52 53 53 52 49 46 44 43 43 44
-9999 -9999 -9999 -9999 -9999 -9999 -9999 -9999 -9999 -9999 -9999 -9999 -9999 -9999 -9999 -9999 -9999 -9999 -9999 -9999 -9999 -9999 -9999 -9999 -9999 -9999 -9999 -9999 -9999 -9999 -9999 -9999 -9999 -9999 -9999 -9999 65 63 63 64 63 63 62 62 62 64 64 62 58 54 52 50 49 50 51 54 58 58 56 55 56 56 57 56 55 59 60 60 60 61 59 56 54 51 51 51 52 53 53 54 55 56 57 55 52 48 47 46 47 48
-9999 -9999 -9999 -9999 -9999 -9999 -9999 -9999 -9999 -9999 -9999 -9999 -9999 -9999 -9999 -9999 -9999 -9999 -9999 -9999 -9999 -9999 -9999 -9999 -9999 -9999 -9999 -9999 -9999 -9999 -9999 -9999 -9999 -9999 -9999 -9999 68 68 66 67 67 67 67 65 65 65 64 62 61 58 55 53 53 53 55 60 60 59 57 56 58 59 61 56 55 57 63 64 64 64 63 59 56 54 54 54 55 56 56 58 58 59 59 58 55 52 52 51 52 52
-9999 -9999 -9999 -9999 -9999 -9999 -9999 -9999 -9999 -9999 -9999 -9999 -9999 -9999 -9999 -9999 -9999 -9999 -9999 -9999 -9999 -9999 -9999 -9999 -9999 -9999 -9999 -9999 -9999 -9999 -9999 -9999 -9999 -9999 -9999 -9999 66 67 68 67 67 67 68 68 67 69 68 64 62 58 56 56 56 56 59 61 61 60 59 58 59 61 60 58 58 56 60 66 65 64 63 60 58 56 57 58 59 58 58 59 61 61 61 60 58 57 57 57 57 57
-9999 -9999 -9999 -9999 -9999 -9999 -9999 -9999 -9999 -9999 -9999 -9999 -9999 -9999 -9999 -9999 -9999 -9999 -9999 -9999 -9999 -9999 -9999 -9999 -9999 -9999 -9999 -9999 -9999 -9999 -9999 -9999 -9999 -9999 -9999 -9999 66 66 66 66 66 67 68 68 69 69 69 66 61 58 58 58 59 60 62 63 62 62 61 61 61 61 59 59 60 58 56 63 65 64 63 61 60 59 60 61 61 60 60 62 62 64 63 62 62 62 62 61 62 62
-9999 -9999 -9999 -9999 -9999 -9999 -9999 -9999 -9999 -9999 -9999 -9999 -9999 -9999 -9999 -9999 -9999 -9999 -9999 -9999 -9999 -9999 -9999 -9999 -9999 -9999 -9999 -9999 -9999 -9999 -9999 -9999 -9999 -9999 -9999 -9999 69 69 69 69 69 69 71 72 71 71 69 69 64 62 61 61 62 63 64 64 64 63 62 62 62 60 59 60 60 58 55 58 64 64 65 65 63 61 62 63 63 61 61 63 64 65 65 65 64 65 66 66 66 67
-9999 -9999 -9999 -9999 -9999 -9999 -9999 -9999 -9999 -9999 -9999 -9999 -9999 -9999 -9999 -9999 -9999 -9999 -9999 -9999 -9999 -9999 -9999 -9999 -9999 -9999 -9999 -9999 -9999 -9999 -9999 -9999 -9999 -9999 67 68 71 71 69 67 68 69 70 70 69 72 73 71 66 63 63 63 64 65 66 66 65 64 63 63 63 61 59 60 60 58 57 56 61 65 67 68 66 63 63 64 63 63 62 63 64 65 66 66 66 67 67 67 68 70
-9999 -9999 -9999 -9999 -9999 -9999 -9999 -9999 -9999 -9999 -9999 -9999 -9999 -9999 -9999 -9999 -9999 -9999 -9999 -9999 -9999 -9999 -9999 -9999 -9999 -9999 -9999 -9999 -9999 -9999 -9999 -9999 70 70 70 72 74 74 72 69 69 71 74 76 76 76 76 73 70 67 66 65 65 64 67 68 67 66 65 65 64 63 60 60 60 60 58 57 59 64 68 69 68 66 64 64 64 64 63 63 64 65 65 65 66 66 66 66 68 71
-9999 -9999 -9999 -9999 -9999 -9999 -9999 -9999 -9999 -9999 -9999 -9999 -9999 -9999 -9999 -9999 -9999 -9999 -9999 -9999 -9999 -9999 -9999 -9999 -9999 -9999 -9999 -9999 -9999 -9999 -9999 73 72 73 74 76 77 77 77 75 77 79 80 80 80 80 77 76 74 71 69 68 68 68 69 69 69 68 67 67 66 65 62 62 61 60 59 58 60 62 65 69 69 68 67 66 66 66 65 64 64 65 65 65 65 65 64 65 67 69
-9999 -9999 -9999 -9999 -9999 -9999 -9999 -9999 -9999 -9999 -9999 -9999 -9999 -9999 -9999 -9999 -9999 -9999 -9999 -9999 -9999 -9999 -9999 -9999 -9999 -9999 -9999 -9999 -9999 -9999 79 78 75 74 75 78 79 81 81 82 82 80 80 80 80 82 81 79 76 74 71 69 69 69 70 71 71 71 70 70 69 68 66 65 63 63 61 61 60 61 63 66 69 69 69 68 67 68 68 67 66 66 66 66 66 65 64 63 64 66
-9999 -9999 -9999 -9999 -9999 -9999 -9999 -9999 -9999 -9999 -9999 -9999 -9999 -9999 -9999 -9999 -9999 -9999 -9999 -9999 -9999 -9999 -9999 -9999 -9999 -9999 -9999 -9999 81 83 83 82 82 81 82 83 82 81 80 82 81 80 82 81 81 83 83 81 78 75 70 68 67 67 68 70 72 74 74 73 72 71 70 68 66 64 62 62 61 61 62 65 67 69 69 69 68 68 68 68 68 68 67 67 67 67 64 63 64 66
-9999 -9999 -9999 -9999 -9999 -9999 -9999 -9999 -9999 -9999 -9999 -9999 -9999 -9999 -9999 -9999 -9999 -9999 -9999 -9999 -9999 -9999 -9999 -9999 -9999 -9999 -9999 61 72 82 83 84 83 83 84 81 81 80 81 82 83 83 84 84 85 85 84 82 80 78 74 72 71 70 69 70 73 77 77 75 74 73 72 71 68 66 64 63 62 62 62 63 66 66 67 67 68 68 68 68 69 70 69 69 68 68 65 65 66 68
-9999 -9999 -9999 -9999 -9999 -9999 -9999 -9999 -9999 -9999 -9999 -9999 -9999 -9999 -9999 -9999 -9999 -9999 -9999 -9999 -9999 -9999 -9999 -9999 -9999 -9999 57 62 67 80 84 83 83 83 85 82 82 83 85 86 87 87 87 87 86 83 81 80 80 79 79 78 77 74 73 74 75 78 80 78 75 74 74 72 69 66 67 66 64 63 63 63 64 65 66 66 66 66 67 69 71 72 71 70 70 68 67 65 67 69
-9999 -9999 -9999 -9999 -9999 -9999 -9999 -9999 -9999 -9999 -9999 -9999 -9999 -9999 -9999 -9999 -9999 -9999 -9999 -9999 -9999 -9999 -9999 -9999 -9999 51 50 62 70 78 84 85 86 86 85 84 87 87 87 88 87 88 87 86 84 83 83 82 82 82 81 79 80 79 77 78 78 81 82 80 78 77 76 75 72 69 69 69 67 66 65 65 66 65 66 66 66 66 67 69 72 74 73 72 70 69 68 67 67 68
-9999 -9999 -9999 -9999 -9999 -9999 -9999 -9999 -9999 -9999 -9999 -9999 -9999 -9999 -9999 -9999 -9999 -9999 -9999 -9999 -9999 -9999 -9999 -9999 74 64 60 64 73 82 84 86 86 85 86 89 92 93 92 91 91 91 89 90 89 88 88 87 87 87 86 85 85 82 80 80 82 83 83 82 81 80 79 78 75 73 71 71 71 70 69 69 69 67 65 66 67 67 68 70 72 73 73 73 72 71 69 68 67 68
-9999 -9999 -9999 -9999 -9999 -9999 -9999 -9999 -9999 -9999 -9999 -9999 -9999 -9999 -9999 -9999 -9999 -9999 -9999 -9999 -9999 -9999 -9999 82 80 76 71 71 78 84 87 86 84 84 86 88 88 90 91 89 89 90 90 91 90 87 87 89 90 90 89 88 87 84 82 83 85 84 84 84 84 83 81 81 78 75 73 73 74 74 73 73 72 69 66 67 67 69 69 70 71 73 74 74 73 72 71 69 68 68
-9999 -9999 -9999 -9999 -9999 -9999 -9999 -9999 -9999 -9999 -9999 -9999 -9999 -9999 -9999 -9999 -9999 -9999 -9999 -9999 -9999 -9999 81 82 82 81 78 77 83 87 87 85 86 84 83 83 83 86 88 85 87 86 87 88 87 84 86 89 90 93 91 90 88 87 86 85 86 86 86 86 86 85 84 82 78 76 76 75 75 76 76 75 74 72 69 69 69 70 71 71 72 74 75 76 75 74 72 71 70 70
-9999 -9999 -9999 -9999 -9999 -9999 -9999 -9999 -9999 -9999 -9999 -9999 -9999 -9999 -9999 -9999 -9999 -9999 -9999 -9999 -9999 81 81 79 79 81 81 83 85 86 87 87 86 82 81 79 79 81 83 85 84 81 83 85 82 82 84 86 87 90 89 89 87 85 86 88 87 88 90 90 87 87 86 83 78 77 78 78 77 78 79 79 77 75 73 73 74 74 73 73 75 75 76 77 76 76 74 73 72 72
-9999 -9999 -9999 -9999 -9999 -9999 -9999 -9999 -9999 -9999 -9999 -9999 -9999 -9999 -9999 -9999 -9999 -9999 -9999 -9999 -9999 78 78 76 78 79 80 81 82 85 86 86 85 81 79 78 79 81 83 84 83 83 83 82 81 81 83 87 89 90 89 88 88 86 85 86 89 90 91 93 89 89 88 85 82 79 79 79 78 81 83 81 80 79 79 78 77 76 76 75 78 78 77 77 77 77 77 75 73 74
