Project_folder/Species_1/M_variables/Set_1/bio_6.asc
ncols         249
nrows         150
xllcorner     -108.16666292027
yllcorner     24.666671082377
cellsize      0.16666667535901
NODATA_value  -9999
[rows 78 to 116 of 150, columns 89 to 177 of 249]
-61 -61 -58 -56 -57 -60 -64 -65 -65 -66 -67 -66 -64 -60 -56 -52 -48 -47 -45 -43 -42 -41 -42 -42 -41 -40 -42 -43 -43 -43 -42 -42 -42 -42 -42 -42 -44 -46 -47 -47 -46 -44 -42 -41 -42 -44 -46 -46 -45 -47 -50 -52 -53 -53 -52 -48 -53 -51 -49 -49 -48 -46 -45 -42 -40 -42 -45 -48 -57 -61 -69 -63 -62 -61 -59 -52 -46 -45 -41 -39 -38 -35 -34 -33 -33 -34 -35 -36 -36
-50 -51 -52 -54 -55 -56 -58 -60 -61 -62 -61 -59 -55 -50 -45 -41 -39 -40 -41 -41 -39 -37 -37 -38 -39 -39 -41 -43 -43 -44 -43 -43 -44 -43 -43 -43 -44 -46 -46 -45 -42 -41 -40 -39 -41 -42 -43 -45 -44 -45 -49 -50 -52 -53 -53 -48 -46 -45 -45 -45 -45 -43 -41 -42 -42 -41 -44 -54 -58 -62 -65 -61 -61 -56 -50 -43 -40 -38 -37 -34 -31 -29 -29 -30 -31 -33 -34 -33 -33
-42 -43 -48 -52 -54 -53 -53 -55 -55 -56 -55 -51 -46 -39 -33 -31 -32 -35 -37 -38 -35 -32 -32 -35 -37 -38 -40 -43 -43 -44 -44 -45 -45 -46 -46 -46 -45 -45 -43 -38 -36 -38 -39 -38 -38 -40 -42 -42 -44 -46 -47 -48 -50 -53 -52 -42 -41 -42 -42 -42 -41 -39 -40 -42 -43 -48 -52 -59 -61 -63 -60 -54 -47 -45 -42 -39 -35 -32 -29 -27 -27 -26 -27 -29 -30 -31 -31 -29 -28
-41 -43 -46 -51 -52 -51 -51 -50 -50 -50 -49 -45 -39 -31 -23 -25 -28 -31 -33 -33 -31 -29 -29 -32 -35 -36 -38 -40 -41 -43 -44 -46 -47 -48 -47 -46 -46 -46 -41 -35 -31 -33 -37 -38 -37 -38 -39 -41 -44 -45 -45 -46 -46 -48 -41 -36 -36 -36 -39 -41 -38 -38 -40 -47 -56 -57 -61 -67 -65 -55 -47 -41 -41 -43 -40 -36 -31 -27 -23 -23 -23 -24 -25 -26 -28 -29 -27 -24 -25
-41 -43 -45 -49 -49 -49 -49 -48 -45 -43 -43 -39 -34 -28 -23 -23 -25 -28 -30 -29 -28 -27 -27 -28 -31 -32 -34 -37 -39 -41 -43 -45 -46 -47 -47 -46 -46 -46 -41 -36 -31 -29 -34 -38 -38 -36 -36 -37 -42 -42 -45 -46 -41 -38 -35 -32 -30 -34 -38 -40 -41 -42 -46 -50 -59 -60 -60 -58 -54 -38 -33 -35 -35 -35 -34 -33 -29 -25 -22 -20 -20 -22 -25 -26 -25 -24 -21 -20 -19
-41 -41 -42 -44 -45 -46 -46 -45 -42 -41 -40 -34 -28 -25 -23 -22 -24 -26 -28 -28 -26 -24 -26 -27 -28 -28 -29 -32 -35 -38 -41 -42 -45 -46 -45 -45 -44 -43 -39 -35 -31 -30 -33 -36 -35 -32 -34 -37 -40 -40 -42 -39 -39 -37 -33 -30 -30 -39 -46 -50 -59 -55 -59 -49 -46 -60 -64 -44 -35 -30 -29 -26 -27 -29 -30 -30 -28 -24 -21 -19 -18 -20 -24 -26 -23 -20 -18 -16 -15
-41 -41 -41 -41 -42 -42 -42 -42 -40 -38 -35 -29 -23 -22 -22 -22 -23 -24 -25 -24 -22 -20 -21 -24 -25 -25 -25 -28 -31 -35 -36 -39 -42 -44 -44 -43 -41 -39 -35 -31 -29 -30 -32 -34 -32 -32 -38 -39 -36 -39 -35 -35 -38 -36 -32 -32 -45 -56 -65 -68 -65 -61 -54 -49 -44 -49 -46 -34 -30 -33 -28 -24 -23 -24 -25 -27 -26 -23 -20 -19 -18 -19 -21 -22 -19 -16 -15 -15 -13
-40 -40 -38 -37 -37 -37 -37 -37 -35 -32 -29 -25 -22 -21 -21 -21 -22 -22 -22 -20 -17 -17 -19 -21 -23 -24 -25 -27 -29 -31 -32 -34 -36 -38 -39 -40 -39 -36 -33 -31 -30 -30 -31 -31 -34 -39 -39 -36 -36 -31 -30 -33 -35 -35 -34 -48 -51 -53 -52 -54 -53 -61 -60 -54 -42 -44 -36 -23 -23 -25 -22 -21 -20 -19 -19 -21 -22 -21 -19 -17 -17 -18 -18 -17 -16 -14 -13 -13 -13
-36 -36 -34 -31 -31 -32 -31 -30 -28 -25 -24 -22 -20 -19 -20 -21 -21 -21 -20 -16 -13 -15 -17 -20 -23 -24 -25 -27 -29 -28 -28 -30 -32 -34 -35 -35 -35 -31 -31 -30 -31 -30 -30 -30 -34 -38 -36 -33 -33 -26 -29 -30 -33 -37 -43 -54 -56 -56 -57 -50 -52 -52 -56 -45 -41 -36 -25 -18 -20 -21 -21 -20 -18 -15 -14 -17 -17 -17 -16 -15 -15 -16 -16 -15 -12 -10 -9 -11 -11
-35 -34 -31 -28 -24 -24 -23 -22 -22 -21 -21 -20 -18 -18 -19 -21 -21 -21 -18 -13 -11 -14 -17 -20 -22 -23 -24 -24 -25 -24 -24 -27 -29 -29 -28 -29 -29 -28 -27 -29 -30 -30 -30 -34 -34 -33 -28 -31 -23 -25 -28 -29 -35 -38 -41 -42 -46 -52 -57 -48 -51 -48 -37 -36 -24 -17 -14 -14 -16 -18 -20 -20 -17 -13 -12 -13 -14 -14 -13 -12 -12 -14 -14 -13 -11 -8 -6 -8 -9
-36 -33 -27 -24 -21 -18 -15 -16 -17 -17 -18 -18 -15 -16 -19 -22 -21 -20 -16 -13 -12 -15 -17 -19 -20 -22 -22 -21 -20 -20 -21 -23 -23 -22 -22 -23 -25 -25 -26 -27 -26 -28 -30 -32 -29 -28 -32 -30 -24 -25 -26 -28 -43 -38 -38 -42 -45 -47 -46 -41 -36 -28 -16 -14 -11 -10 -8 -9 -10 -15 -17 -17 -15 -12 -11 -12 -13 -12 -11 -10 -10 -12 -12 -11 -10 -9 -7 -7 -7
-33 -28 -22 -20 -18 -15 -12 -12 -12 -12 -12 -15 -16 -17 -20 -22 -21 -18 -15 -13 -14 -16 -16 -17 -18 -19 -20 -18 -16 -17 -20 -21 -21 -19 -18 -19 -20 -22 -23 -22 -23 -23 -26 -24 -24 -31 -31 -31 -27 -27 -24 -27 -34 -36 -40 -44 -44 -41 -34 -29 -21 -15 -10 -9 -8 -6 -6 -7 -10 -13 -14 -13 -14 -12 -10 -10 -11 -10 -9 -7 -6 -7 -8 -9 -10 -10 -9 -7 -6
-32 -26 -21 -20 -18 -14 -11 -9 -8 -7 -8 -13 -16 -17 -19 -20 -18 -16 -13 -13 -13 -15 -14 -14 -15 -15 -15 -14 -13 -14 -18 -21 -23 -24 -20 -19 -20 -20 -20 -18 -19 -19 -21 -20 -27 -29 -31 -29 -26 -26 -23 -23 -27 -31 -35 -31 -27 -26 -23 -19 -11 -10 -8 -6 -7 -7 -7 -8 -10 -12 -11 -10 -11 -10 -8 -9 -9 -7 -7 -5 -3 -2 -4 -7 -8 -9 -8 -8 -6
-27 -21 -20 -19 -17 -13 -9 -5 -2 -3 -6 -11 -15 -16 -15 -14 -12 -11 -10 -11 -11 -12 -12 -13 -12 -11 -11 -9 -10 -13 -18 -23 -26 -27 -25 -22 -20 -20 -20 -20 -21 -19 -17 -22 -25 -25 -25 -21 -22 -21 -22 -21 -24 -24 -23 -20 -17 -17 -15 -11 -9 -9 -8 -6 -6 -7 -6 -7 -9 -9 -8 -8 -8 -6 -5 -5 -5 -4 -4 -2 0 1 -1 -4 -6 -7 -6 -6 -4
-21 -18 -17 -17 -16 -12 -7 -1 3 0 -3 -7 -11 -12 -11 -8 -5 -5 -7 -8 -9 -10 -10 -11 -10 -8 -7 -5 -8 -12 -18 -24 -28 -28 -26 -24 -22 -22 -22 -21 -19 -18 -19 -22 -21 -21 -17 -17 -17 -17 -19 -20 -20 -18 -17 -15 -12 -10 -10 -9 -8 -8 -8 -6 -5 -5 -6 -6 -6 -6 -5 -5 -4 -3 -2 -1 -1 -1 0 1 2 4 2 0 -2 -3 -3 -2 -1
-16 -14 -15 -16 -15 -12 -7 -1 2 1 -1 -4 -6 -8 -8 -5 -2 -2 -4 -6 -8 -9 -10 -9 -8 -6 -5 -4 -6 -10 -18 -24 -28 -27 -26 -24 -22 -20 -18 -16 -17 -17 -18 -17 -17 -15 -16 -16 -15 -15 -16 -16 -15 -15 -15 -12 -10 -7 -6 -6 -5 -5 -7 -5 -4 -4 -4 -5 -5 -3 -2 -1 0 2 2 3 5 4 3 3 4 5 4 3 2 1 1 1 3
-12 -13 -15 -16 -15 -12 -9 -5 -3 -2 -1 -1 -3 -6 -6 -3 -1 -1 -2 -4 -8 -9 -9 -8 -7 -5 -3 -2 -3 -9 -16 -22 -25 -24 -23 -22 -20 -17 -14 -13 -13 -18 -15 -12 -14 -16 -18 -19 -17 -17 -16 -14 -10 -9 -10 -8 -7 -5 -3 -2 -2 -3 -3 -3 -2 -3 -4 -4 -3 -3 -2 0 2 6 8 8 10 9 6 5 4 5 6 6 7 7 6 6 7
-9 -11 -14 -15 -15 -13 -12 -10 -8 -6 -4 -2 -1 -3 -4 -2 0 1 0 -1 -6 -9 -9 -8 -6 -4 -1 0 -1 -5 -12 -18 -19 -19 -20 -18 -15 -12 -10 -8 -13 -12 -11 -10 -11 -16 -20 -19 -18 -17 -14 -10 -5 -4 -5 -4 -3 -1 -1 0 0 -1 -1 -1 -1 -3 -3 -3 -3 -2 0 2 4 7 10 11 12 9 7 5 5 6 8 9 10 12 11 9 9
-8 -9 -12 -14 -14 -14 -13 -13 -11 -10 -6 -3 -1 0 0 0 2 4 4 3 -3 -9 -10 -8 -5 -3 0 1 0 -2 -7 -12 -14 -13 -13 -14 -11 -9 -6 -5 -7 -8 -8 -8 -10 -15 -18 -19 -17 -14 -11 -6 -4 -1 -1 -1 0 1 2 2 1 0 0 1 0 -2 -3 -1 -1 0 2 4 7 10 13 13 13 10 7 6 7 8 11 12 14 15 14 -9999 -9999
-5 -5 -7 -9 -11 -13 -13 -13 -12 -9 -5 -2 0 3 2 2 4 6 6 4 -2 -7 -8 -6 -4 -1 1 1 1 0 -5 -7 -8 -7 -6 -8 -8 -6 -5 -4 -6 -5 -7 -9 -14 -18 -17 -16 -16 -11 -7 -5 -3 -1 -1 0 2 3 5 4 3 2 2 2 2 0 -1 0 3 2 5 7 10 13 15 15 14 13 11 10 11 12 14 16 17 17 -9999 -9999 -9999
-2 -2 -2 -3 -7 -10 -10 -11 -11 -7 -2 0 2 4 4 4 5 5 6 2 -1 -4 -5 -4 -3 -1 1 1 1 0 -2 -4 -3 -1 0 -2 -3 -3 -3 -4 -3 -4 -6 -12 -15 -15 -13 -14 -12 -7 -4 -3 -1 -1 -1 0 2 6 7 6 5 4 4 4 4 3 2 2 4 6 7 10 12 14 15 16 16 16 15 14 16 18 19 19 21 20 -9999 -9999 -9999
-1 -1 0 0 -3 -5 -6 -7 -7 -3 0 2 3 4 4 5 6 7 5 1 -1 -2 -2 -2 -2 0 0 1 1 0 -1 -1 0 2 4 3 2 1 -1 -3 -3 -4 -7 -10 -10 -11 -9 -8 -6 -3 -1 -1 0 0 0 1 4 8 8 8 7 6 6 6 7 7 5 4 5 8 11 12 14 15 16 16 17 18 19 21 24 24 24 24 23 -9999 -9999 -9999 -9999
-1 0 0 0 0 0 0 1 1 2 3 4 5 5 4 6 9 11 6 0 -2 -1 -1 -1 -1 0 0 0 1 1 1 1 2 5 6 6 8 6 2 -1 -1 0 -2 -4 -5 -5 -4 -3 -1 1 1 0 1 2 2 4 7 10 11 11 11 10 8 7 9 10 9 9 10 12 15 16 17 17 17 17 19 21 24 29 33 32 30 -9999 -9999 -9999 -9999 -9999 -9999
0 0 1 1 3 5 7 9 9 8 6 7 7 7 6 8 11 11 8 4 1 0 0 -1 -1 0 0 1 2 3 2 3 4 7 8 8 10 9 8 5 3 5 4 1 0 -1 -1 0 2 5 6 5 5 6 8 9 11 14 16 14 13 12 10 10 11 12 13 14 15 16 18 20 20 19 18 19 22 25 29 35 39 37 -9999 -9999 -9999 -9999 -9999 -9999 -9999
2 2 2 3 5 9 13 16 16 13 10 9 9 11 12 12 12 11 10 9 5 3 1 0 0 0 1 3 5 4 3 3 6 8 10 10 12 14 15 13 12 12 13 9 6 5 4 3 6 11 12 11 10 9 10 12 13 16 19 17 15 13 12 12 14 17 18 18 20 21 23 24 24 23 23 25 27 29 32 36 40 -9999 -9999 -9999 -9999 -9999 -9999 -9999 -9999
5 4 5 6 8 12 16 19 19 17 15 13 11 14 18 15 12 12 12 11 8 5 3 2 1 1 3 6 6 6 4 6 7 9 10 11 14 21 23 20 19 20 19 16 13 11 10 9 12 15 17 15 13 12 13 15 16 17 19 19 17 16 14 16 17 20 22 24 24 26 27 28 28 28 29 31 32 33 31 -9999 -9999 -9999 -9999 -9999 -9999 -9999 -9999 -9999 -9999
5 4 7 8 10 13 16 19 20 20 19 17 16 16 18 15 12 12 13 12 8 6 5 4 3 3 5 6 6 6 7 8 9 10 11 12 15 21 22 20 19 21 21 19 16 15 13 13 14 16 18 16 15 14 15 17 18 19 20 21 20 19 17 18 21 22 25 26 28 30 31 32 33 34 34 35 35 35 -9999 -9999 -9999 -9999 -9999 -9999 -9999 -9999 -9999 -9999 -9999
5 4 8 10 12 14 16 19 21 23 22 21 20 17 16 15 14 16 15 11 7 7 7 7 7 6 7 6 6 7 8 10 10 11 12 12 13 16 19 18 18 19 20 18 17 16 15 16 16 16 17 17 17 16 17 19 21 21 21 23 23 21 20 20 22 24 26 28 30 33 34 35 37 38 38 37 -9999 -9999 -9999 -9999 -9999 -9999 -9999 -9999 -9999 -9999 -9999 -9999 -9999
8 10 12 14 15 15 16 17 21 23 24 24 23 18 15 16 17 20 17 12 7 8 10 11 11 10 9 9 8 9 10 11 12 12 12 12 11 14 16 16 16 17 18 19 19 19 18 17 18 18 20 21 21 21 22 23 25 24 23 24 25 23 22 21 22 25 28 30 33 35 36 38 39 40 40 -9999 -9999 -9999 -9999 -9999 -9999 -9999 -9999 -9999 -9999 -9999 -9999 -9999 -9999
10 14 17 18 18 18 16 17 21 24 26 26 23 20 17 16 17 18 18 14 12 12 14 15 16 15 13 11 11 10 12 13 12 11 12 12 12 12 13 14 15 15 16 19 21 22 22 22 22 24 24 25 25 26 27 29 28 26 26 26 26 25 24 23 24 27 29 31 34 36 38 40 41 42 -9999 -9999 -9999 -9999 -9999 -9999 -9999 -9999 -9999 -9999 -9999 -9999 -9999 -9999 -9999
13 18 22 23 23 21 19 20 23 26 27 28 24 20 18 17 18 18 19 19 17 17 18 19 19 18 15 13 13 13 14 15 15 13 15 14 13 12 13 14 13 13 13 18 22 25 26 27 26 28 28 28 29 30 32 33 31 30 30 30 29 27 25 26 29 30 31 32 34 37 39 41 43 44 -9999 -9999 -9999 -9999 -9999 -9999 -9999 -9999 -9999 -9999 -9999 -9999 -9999 -9999 -9999
15 20 25 27 29 26 24 24 26 28 29 29 25 21 18 17 19 21 22 22 23 22 22 23 22 19 16 14 15 15 17 19 19 19 18 16 15 15 14 14 13 13 15 20 24 28 31 31 29 31 31 31 32 33 34 35 33 33 34 34 32 31 29 29 32 34 33 34 35 38 42 44 45 -9999 -9999 -9999 -9999 -9999 -9999 -9999 -9999 -9999 -9999 -9999 -9999 -9999 -9999 -9999 -9999
18 22 26 28 29 29 28 29 30 30 30 29 27 22 16 18 23 26 26 25 26 27 26 25 24 21 18 17 18 19 22 24 25 25 22 21 20 20 18 18 16 16 19 23 27 31 33 33 32 33 33 34 34 35 36 35 35 35 37 37 36 35 33 32 34 36 36 36 38 42 46 49 50 -9999 -9999 -9999 -9999 -9999 -9999 -9999 -9999 -9999 -9999 -9999 -9999 -9999 -9999 -9999 -9999
21 23 25 27 27 28 31 33 33 33 32 30 29 24 20 21 26 28 28 28 28 30 29 29 28 25 22 21 22 24 27 29 32 30 28 27 26 25 24 23 22 23 25 28 30 32 33 34 34 34 35 36 36 37 36 36 37 38 39 40 41 38 35 34 35 37 37 38 41 45 50 53 -9999 -9999 -9999 -9999 -9999 -9999 -9999 -9999 -9999 -9999 -9999 -9999 -9999 -9999 -9999 -9999 -9999
24 26 27 27 29 31 35 37 36 34 33 31 30 29 27 27 29 29 28 28 29 32 34 33 32 30 29 27 28 31 33 36 38 36 35 33 33 31 31 30 30 30 30 32 34 34 33 34 34 35 36 36 37 36 36 38 39 39 40 42 43 41 37 36 37 38 39 41 44 48 52 56 -9999 -9999 -9999 -9999 -9999 -9999 -9999 -9999 -9999 -9999 -9999 -9999 -9999 -9999 -9999 -9999 -9999
28 30 30 31 33 35 37 39 38 37 34 32 33 34 33 33 33 32 30 29 30 33 36 37 37 38 37 37 36 38 40 44 43 41 40 41 41 39 39 37 37 37 36 37 37 36 35 34 35 36 37 37 36 37 37 37 38 39 41 42 42 41 39 38 38 39 41 44 47 51 55 58 -9999 -9999 -9999 -9999 -9999 -9999 -9999 -9999 -9999 -9999 -9999 -9999 -9999 -9999 -9999 -9999 -9999
32 34 36 37 37 38 39 40 40 39 37 35 37 40 38 37 37 36 35 34 33 34 37 41 43 45 46 45 44 44 45 48 47 46 46 49 49 48 46 44 44 44 43 42 41 39 36 34 36 37 38 38 38 39 39 38 38 40 42 43 43 41 39 39 40 41 42 45 49 53 58 62 -9999 -9999 -9999 -9999 -9999 -9999 -9999 -9999 -9999 -9999 -9999 -9999 -9999 -9999 -9999 -9999 -9999
38 40 42 42 41 40 41 43 44 42 40 39 40 41 41 41 40 40 39 38 38 38 41 46 49 52 54 52 50 48 47 50 51 52 53 56 56 56 51 49 49 50 49 47 45 42 40 38 39 41 41 41 41 41 41 40 39 41 43 44 44 42 41 42 42 42 42 46 51 57 63 67 -9999 -9999 -9999 -9999 -9999 -9999 -9999 -9999 -9999 -9999 -9999 -9999 -9999 -9999 -9999 -9999 -9999
45 47 47 47 46 43 44 47 48 45 44 43 42 43 45 44 44 44 43 41 42 44 47 50 52 57 59 57 55 54 53 56 58 57 58 59 60 59 -9999 -9999 -9999 -9999 -9999 50 49 48 47 45 45 45 45 45 45 44 44 43 43 44 44 44 44 44 44 45 45 44 43 47 54 62 66 68 -9999 -9999 -9999 -9999 -9999 -9999 -9999 -9999 -9999 -9999 -9999 -9999 -9999 -9999 -9999 -9999 -9999
