Project_folder/Species_1/M_variables/Set_1/bio_5.asc
ncols         249
nrows         150
xllcorner     -108.16666292027
yllcorner     24.666671082377
cellsize      0.16666667535901
NODATA_value  -9999
[rows 78 to 116 of 150, columns 0 to 88 of 249]
-9999 -9999 -9999 -9999 -9999 -9999 -9999 -9999 281 279 242 227 253 272 285 247 192 226 251 276 293 302 296 276 277 288 296 304 308 311 317 321 326 329 331 332 334 337 339 342 346 347 349 346 343 343 343 345 345 346 347 346 348 349 353 356 353 353 352 350 349 350 351 351 351 349 347 344 344 341 340 341 340 342 341 341 337 336 335 333 331 327 322 319 316 314 319 322 321
-9999 -9999 -9999 -9999 -9999 -9999 -9999 -9999 273 274 263 252 281 285 292 279 228 224 232 286 300 305 301 292 294 298 300 308 311 313 316 322 326 328 330 331 333 336 338 342 344 346 346 344 343 342 343 344 344 344 345 347 349 350 351 354 356 354 352 348 347 345 347 348 349 348 347 345 345 344 343 342 341 342 341 338 336 337 335 332 329 326 322 319 317 319 321 322 320
-9999 -9999 -9999 -9999 -9999 -9999 -9999 -9999 257 286 294 299 303 299 278 247 208 228 250 278 295 303 305 299 299 306 310 312 316 318 321 324 326 327 328 330 332 335 338 341 344 346 344 343 344 345 347 347 346 345 344 343 345 349 351 351 350 351 353 351 346 344 346 346 346 346 345 344 344 345 345 341 340 341 339 338 337 338 334 330 329 327 322 320 318 320 319 319 316
-9999 -9999 -9999 -9999 -9999 -9999 -9999 256 229 236 237 283 314 294 255 207 235 257 269 278 291 297 304 301 304 309 317 322 322 324 326 326 327 328 328 330 332 335 337 340 342 343 343 344 344 345 345 344 342 344 341 342 346 347 350 351 348 348 351 352 348 345 346 348 347 346 345 344 345 346 345 341 340 339 338 340 339 338 333 330 330 328 324 321 320 319 317 317 311
-9999 -9999 -9999 -9999 -9999 -9999 -9999 277 247 234 231 284 318 290 213 190 246 277 281 280 294 300 310 305 306 313 327 328 321 326 329 328 329 330 328 329 331 334 336 338 340 345 348 348 347 348 350 349 346 345 345 346 347 350 351 350 349 347 348 350 349 348 347 348 348 346 345 344 343 344 344 342 340 339 338 340 341 339 335 333 331 328 322 319 315 315 313 310 310
-9999 -9999 -9999 -9999 -9999 -9999 -9999 291 284 258 275 302 301 277 225 215 252 278 287 289 293 300 314 315 317 313 332 330 325 326 328 330 331 334 332 329 330 335 340 342 344 345 342 340 338 341 343 345 345 344 345 348 351 351 353 351 350 347 346 347 349 347 346 347 344 344 344 344 345 346 345 343 340 338 339 341 341 341 336 335 331 328 325 321 317 313 316 315 314
-9999 -9999 -9999 -9999 -9999 -9999 -9999 322 323 305 324 319 308 288 270 258 272 288 285 286 291 305 326 331 329 325 331 335 332 332 332 334 336 337 338 337 335 334 341 338 338 338 336 335 336 338 342 343 342 342 346 350 350 352 355 355 350 349 346 345 345 345 344 343 342 341 342 344 346 345 344 343 340 340 340 341 342 342 340 336 335 335 335 331 332 332 325 325 325
-9999 -9999 -9999 -9999 -9999 -9999 -9999 320 324 329 331 318 312 308 289 286 295 300 300 306 313 325 332 336 337 332 338 341 342 341 340 339 334 333 334 335 338 339 337 332 334 334 334 336 341 345 346 346 348 348 348 349 347 347 353 356 351 348 346 345 346 345 343 342 339 339 342 344 345 344 342 341 340 340 342 343 343 343 344 345 343 341 341 342 340 338 338 339 339
-9999 -9999 -9999 -9999 -9999 -9999 324 326 327 336 290 299 301 304 291 291 303 314 321 324 322 327 334 330 327 335 341 341 342 339 338 334 327 325 325 327 330 331 330 331 332 334 334 337 342 344 346 350 351 351 352 355 351 348 349 354 353 350 349 349 348 348 345 345 345 343 344 346 346 344 342 341 340 341 343 344 343 344 345 345 345 345 342 341 340 339 337 330 334
-9999 -9999 -9999 -9999 -9999 -9999 327 330 333 335 295 295 309 307 293 291 304 313 321 323 327 330 331 332 334 334 337 340 339 338 335 326 325 323 324 326 327 329 331 331 331 334 339 342 346 349 352 353 354 354 354 357 354 352 352 353 354 352 351 351 351 351 348 348 347 345 345 345 345 343 342 340 340 341 342 343 341 342 342 343 341 345 340 341 341 339 334 335 338
-9999 -9999 -9999 -9999 -9999 328 332 331 337 333 301 291 312 311 297 295 304 314 320 323 330 331 327 324 319 330 332 331 323 325 326 325 324 324 325 326 327 329 331 336 337 336 345 344 347 350 354 356 357 358 359 359 358 355 354 353 350 347 351 349 349 350 351 350 349 347 345 343 342 342 341 340 340 341 341 343 342 340 344 344 345 342 336 334 339 331 334 336 334
-9999 -9999 -9999 -9999 -9999 309 326 335 338 333 287 302 315 316 308 302 304 312 318 324 327 332 333 328 321 323 323 324 323 324 324 325 325 325 325 324 325 327 329 330 336 346 348 351 350 354 357 360 361 362 362 362 361 357 357 355 349 349 351 350 348 347 348 350 349 348 345 340 340 341 343 342 341 341 340 339 340 339 339 338 335 333 327 328 331 331 330 329 331
-9999 -9999 -9999 -9999 311 311 329 337 339 332 284 305 314 315 307 307 307 311 319 325 329 331 333 332 327 326 327 325 324 325 326 326 325 324 324 324 325 328 329 330 332 338 350 354 357 358 360 361 363 364 364 363 363 361 360 360 360 358 354 352 351 348 349 349 349 348 345 339 338 342 344 344 343 339 338 336 337 338 335 331 330 326 327 324 328 328 331 333 333
-9999 -9999 -9999 -9999 314 319 317 338 339 325 313 302 307 309 310 310 306 314 317 322 329 332 332 336 335 333 331 329 325 324 327 328 328 327 326 326 326 328 329 331 330 330 342 350 354 355 357 357 360 362 364 363 363 363 362 365 365 364 360 358 354 351 351 350 349 343 345 342 341 342 345 345 344 341 339 339 340 338 336 335 332 333 328 324 321 322 328 329 332
-9999 -9999 -9999 283 289 306 323 337 331 314 313 308 312 306 292 300 308 316 323 328 334 337 338 340 335 329 330 332 331 329 329 331 333 331 328 326 326 329 332 332 331 332 342 350 354 357 359 360 361 362 361 362 362 364 365 366 366 365 364 361 356 354 354 353 351 348 347 347 347 346 344 345 344 343 342 343 342 341 342 339 335 330 329 331 330 330 330 332 334
-9999 -9999 -9999 288 289 288 309 334 326 317 326 313 313 311 302 302 312 323 329 334 337 342 342 343 338 332 329 330 330 330 330 330 330 329 329 327 328 330 333 334 333 333 337 347 352 355 358 358 360 360 363 363 363 363 364 365 366 365 364 361 358 356 356 355 352 349 348 347 347 346 344 343 342 342 343 343 345 344 344 343 339 337 337 336 335 332 333 333 335
-9999 -9999 -9999 266 281 290 299 335 334 334 328 308 312 320 306 299 310 322 333 338 340 340 343 345 340 331 327 327 325 325 326 328 329 329 330 329 329 331 333 334 335 335 336 343 350 354 356 361 362 363 363 364 364 363 364 366 366 365 363 361 359 358 357 356 353 351 350 350 347 345 343 344 343 343 344 345 345 345 344 342 340 339 339 338 336 334 334 336 337
-9999 -9999 277 276 276 319 333 343 340 340 317 308 321 324 292 293 306 317 330 337 340 346 346 345 339 335 327 325 325 326 327 327 328 329 331 331 331 332 334 335 336 338 338 342 348 352 358 361 362 364 364 365 364 363 363 364 365 365 363 360 359 359 356 353 351 351 351 349 348 344 344 344 343 344 343 344 344 343 343 342 341 339 338 338 338 337 335 335 338
-9999 -9999 276 294 272 323 344 341 341 340 320 329 334 316 285 280 272 288 324 337 341 348 351 344 340 336 329 325 324 325 326 327 328 329 331 331 331 333 335 336 337 339 345 347 352 356 360 363 363 365 366 364 362 360 361 363 364 364 361 359 358 358 355 353 351 351 352 351 348 345 343 343 343 343 344 345 344 344 343 342 341 340 340 339 338 338 338 336 336
-9999 -9999 280 295 317 334 336 339 333 327 333 345 333 287 238 275 288 305 317 333 341 347 350 345 342 336 328 327 326 327 327 328 329 331 332 333 333 333 334 337 342 346 349 351 353 357 360 363 364 365 365 363 362 359 361 360 361 360 359 358 357 358 359 355 352 351 353 353 350 347 345 343 343 344 345 346 347 346 345 345 343 341 340 338 338 338 339 338 337
-9999 257 282 310 329 340 336 331 303 313 348 348 339 294 255 252 275 295 309 326 338 344 348 346 344 338 328 328 329 329 330 329 331 333 335 335 335 334 335 336 342 347 350 353 355 356 359 362 363 363 362 362 358 357 359 361 360 358 355 355 356 360 362 355 351 350 351 353 350 349 348 345 345 346 346 346 346 347 346 346 345 343 341 339 339 339 340 339 338
-9999 254 280 312 334 339 334 332 309 333 353 351 342 307 245 246 268 289 307 324 336 341 346 347 343 337 329 331 331 331 332 333 334 336 338 338 338 337 337 339 343 348 350 351 353 355 358 360 361 362 361 360 356 356 357 358 358 357 354 354 354 357 358 355 350 350 350 352 349 350 348 347 347 346 346 346 346 346 347 347 346 344 341 339 339 339 339 338 338
-9999 285 276 317 338 332 332 339 325 325 355 353 346 314 234 248 273 290 309 323 334 341 346 345 343 339 332 333 333 334 335 336 339 340 342 342 342 341 340 340 345 343 344 346 352 355 358 358 359 360 359 356 352 355 357 358 358 357 356 358 356 353 352 354 352 351 352 354 351 351 350 349 350 349 349 348 347 345 346 346 347 344 342 340 340 340 339 338 337
-9999 309 301 320 339 345 339 342 338 323 354 355 352 320 238 249 274 290 307 320 332 339 345 344 345 345 342 336 334 336 338 340 343 345 345 345 345 344 344 346 347 347 346 347 348 352 355 355 355 356 355 352 347 352 356 357 355 353 354 357 359 355 353 353 355 355 355 355 354 354 353 352 351 352 351 349 348 346 345 345 345 344 343 341 341 340 339 338 337
-9999 328 316 332 339 334 339 344 343 323 344 355 353 345 297 280 288 300 297 313 328 339 347 349 350 349 346 341 338 339 339 342 344 346 346 347 347 347 345 346 347 348 349 348 346 348 350 352 354 354 353 349 347 353 354 354 350 351 356 356 357 359 356 354 355 355 356 353 355 356 355 355 354 352 351 350 349 347 346 344 343 342 340 340 340 340 339 338 338
337 340 338 343 342 335 336 342 342 323 349 352 350 340 327 326 317 324 310 301 320 332 341 352 354 353 346 341 341 341 343 343 345 346 347 347 347 348 347 344 343 347 349 349 347 344 346 345 349 350 350 346 346 352 350 349 349 350 350 350 353 356 360 357 357 356 357 355 356 356 357 356 355 352 351 350 348 346 345 344 343 342 341 340 340 340 340 339 339
345 347 348 349 351 347 343 345 349 327 349 351 349 335 327 335 339 336 344 310 303 324 336 353 358 355 346 343 346 346 347 345 345 345 346 347 347 346 348 346 344 348 349 350 348 342 341 341 341 343 345 344 346 346 346 347 348 349 345 345 349 357 362 360 360 357 357 356 356 356 356 356 356 354 352 352 350 347 344 342 341 340 342 342 341 340 340 340 339
348 352 352 344 355 349 347 349 351 351 350 351 346 328 329 329 341 347 348 310 290 322 344 353 360 357 352 350 350 354 352 348 344 346 347 347 347 347 347 346 342 344 347 349 352 345 344 347 347 348 346 345 348 348 346 345 348 350 348 348 350 353 357 360 360 357 355 355 354 354 355 356 357 355 353 351 350 348 346 343 341 341 343 344 343 341 339 340 340
343 353 353 360 360 349 349 353 353 352 347 352 346 327 334 338 344 353 354 320 311 335 344 350 357 363 360 357 354 358 355 350 345 346 347 348 348 348 347 344 342 343 346 344 345 352 351 352 350 351 346 343 349 350 350 345 345 349 351 349 351 354 355 356 358 357 355 355 354 356 357 357 357 356 353 351 351 347 347 345 342 341 342 343 343 342 339 338 340
352 358 361 365 364 362 360 358 357 354 356 356 353 338 337 346 351 352 354 348 323 331 338 346 357 362 365 364 361 360 359 355 351 348 348 348 348 347 346 344 343 344 347 349 345 344 348 352 353 353 349 346 351 351 350 351 346 346 348 350 352 352 354 356 356 358 356 355 355 357 358 356 354 356 354 351 350 348 345 345 343 342 343 342 342 341 340 338 338
-9999 -9999 -9999 -9999 -9999 -9999 -9999 -9999 -9999 -9999 361 364 359 354 339 340 347 346 342 351 334 323 338 345 353 357 363 367 366 363 362 360 356 354 353 349 348 347 346 345 344 345 345 346 347 349 349 354 356 358 357 354 355 354 353 352 351 345 344 347 350 354 351 353 356 358 358 356 356 357 358 356 355 354 354 351 348 348 347 346 344 344 343 342 340 340 341 338 337
-9999 -9999 -9999 -9999 -9999 -9999 -9999 -9999 -9999 -9999 -9999 365 367 361 352 337 340 338 328 321 349 327 335 345 354 359 364 368 369 366 365 362 361 360 358 353 349 348 347 346 346 347 348 349 350 351 354 356 357 358 358 358 357 354 354 354 353 348 346 348 348 352 354 353 354 355 358 357 357 357 357 355 354 353 353 351 348 347 347 347 345 345 344 342 341 340 340 339 337
-9999 -9999 -9999 -9999 -9999 -9999 -9999 -9999 -9999 -9999 -9999 -9999 358 360 361 350 335 334 323 320 345 341 332 346 352 356 362 367 367 364 364 364 363 363 361 350 351 348 345 344 344 344 344 346 350 351 351 350 353 351 351 352 351 349 350 352 353 352 346 348 350 352 352 352 354 355 357 358 357 356 357 356 353 353 354 350 348 347 347 347 345 344 344 343 342 340 340 339 336
-9999 -9999 -9999 -9999 -9999 -9999 -9999 -9999 -9999 -9999 -9999 -9999 -9999 335 355 355 338 340 335 332 347 346 332 335 336 350 357 362 361 361 361 361 362 361 360 358 353 345 344 341 342 342 344 345 346 348 348 346 347 347 347 348 349 350 350 348 347 349 348 347 351 351 350 352 355 356 356 357 358 356 356 356 354 354 355 351 350 348 347 346 346 344 343 342 342 338 337 338 336
-9999 -9999 -9999 -9999 -9999 -9999 -9999 -9999 -9999 -9999 -9999 -9999 -9999 -9999 -9999 344 349 338 317 339 342 341 331 316 314 339 346 353 353 355 355 357 355 353 353 351 349 350 345 343 343 342 344 345 345 346 347 347 348 348 348 348 347 346 347 347 349 349 348 343 347 350 350 352 355 357 357 357 357 356 355 356 355 356 355 353 351 349 347 345 342 341 340 341 340 339 338 338 336
-9999 -9999 -9999 -9999 -9999 -9999 -9999 -9999 -9999 -9999 -9999 -9999 -9999 -9999 -9999 -9999 332 337 327 344 342 338 330 310 304 310 323 334 344 347 347 346 347 345 340 341 343 348 348 343 344 342 343 346 347 346 347 346 346 345 345 347 348 347 350 354 356 355 352 343 344 348 350 352 355 356 356 354 355 357 355 355 355 354 352 350 348 348 348 344 341 339 339 339 340 339 339 338 335
-9999 -9999 -9999 -9999 -9999 -9999 -9999 -9999 -9999 -9999 -9999 -9999 -9999 -9999 -9999 -9999 -9999 -9999 331 355 346 339 330 312 307 316 318 326 338 337 331 332 335 336 338 342 344 345 346 345 344 343 344 347 348 348 346 344 346 348 349 350 347 346 347 348 350 350 354 352 347 347 350 354 355 355 353 352 354 356 356 355 355 352 350 349 347 345 345 344 341 340 339 340 340 339 338 336 335
-9999 -9999 -9999 -9999 -9999 -9999 -9999 -9999 -9999 -9999 -9999 -9999 -9999 -9999 -9999 -9999 -9999 -9999 -9999 349 336 323 328 324 320 316 319 326 325 313 312 318 324 328 334 339 343 346 348 346 346 346 347 349 350 347 345 345 345 347 347 342 341 337 338 337 341 346 345 349 352 352 351 354 356 354 352 353 355 357 358 356 354 351 350 349 345 344 342 342 342 340 339 340 340 338 336 334 333
-9999 -9999 -9999 -9999 -9999 -9999 -9999 -9999 -9999 -9999 -9999 -9999 -9999 -9999 -9999 -9999 -9999 -9999 -9999 339 330 321 320 326 330 324 313 309 317 323 322 316 321 329 333 341 346 348 349 349 347 348 349 350 347 345 343 342 342 342 338 338 336 335 337 340 342 343 345 348 346 349 354 357 356 353 352 353 357 358 360 358 354 349 348 347 345 343 341 341 341 340 338 338 337 335 332 331 331
