Project_folder/Species_1/M_variables/Set_1/bio_5.asc
ncols         249
nrows         150
xllcorner     -108.16666292027
yllcorner     24.666671082377
cellsize      0.16666667535901
NODATA_value  -9999
[rows 39 to 77 of 150, columns 0 to 88 of 249]
-9999 -9999 -9999 -9999 -9999 -9999 -9999 -9999 -9999 -9999 -9999 -9999 -9999 -9999 -9999 -9999 -9999 -9999 -9999 -9999 -9999 314 315 313 316 317 319 320 319 322 322 322 320 315 313 311 311 312 313 314 313 313 314 311 310 310 312 315 317 318 317 316 315 313 312 313 316 317 318 321 314 313 311 308 306 302 303 302 299 300 302 299 298 297 297 296 294 293 292 290 292 292 290 289 289 289 287 286 284
-9999 -9999 -9999 -9999 -9999 -9999 -9999 -9999 -9999 -9999 -9999 -9999 -9999 -9999 -9999 -9999 -9999 -9999 -9999 -9999 306 302 303 305 310 317 319 318 319 321 321 321 316 312 307 306 309 311 313 313 312 311 311 312 312 312 313 314 314 314 315 317 317 315 315 315 315 315 320 320 317 316 314 309 308 308 306 305 302 303 302 300 300 298 298 297 295 293 293 292 293 293 292 291 291 290 288 286 285
-9999 -9999 -9999 -9999 -9999 -9999 -9999 -9999 -9999 -9999 -9999 -9999 -9999 -9999 -9999 -9999 -9999 -9999 -9999 303 299 291 295 296 296 302 307 308 319 320 316 311 309 309 307 308 309 310 311 312 312 313 313 313 313 312 311 312 315 315 314 315 316 314 313 313 314 316 316 318 318 316 310 308 306 306 306 307 306 304 301 301 299 298 297 297 293 291 293 293 294 294 293 294 292 291 288 287 286
-9999 -9999 -9999 -9999 -9999 -9999 -9999 -9999 -9999 -9999 -9999 -9999 -9999 -9999 -9999 -9999 -9999 -9999 -9999 309 299 290 298 299 301 303 303 306 308 305 305 306 309 310 308 307 306 307 308 309 309 310 311 311 311 310 310 311 312 313 314 313 313 312 310 309 310 311 311 313 316 314 311 306 304 303 302 303 305 306 302 301 300 299 298 296 293 291 292 295 294 294 294 295 294 293 290 289 289
-9999 -9999 -9999 -9999 -9999 -9999 -9999 -9999 -9999 -9999 -9999 -9999 -9999 -9999 -9999 -9999 -9999 -9999 303 309 303 305 308 305 303 307 307 307 307 307 308 309 310 308 306 303 304 304 306 307 308 309 310 310 309 308 308 309 310 311 311 311 311 309 309 308 309 309 309 311 312 313 312 310 304 303 303 302 303 305 304 303 301 300 298 295 294 292 294 296 295 295 296 296 296 294 293 291 290
-9999 -9999 -9999 -9999 -9999 -9999 -9999 -9999 -9999 -9999 -9999 -9999 -9999 -9999 -9999 -9999 -9999 288 305 310 316 318 313 311 308 304 301 303 304 305 307 309 309 307 305 302 302 304 304 305 306 308 310 310 309 309 309 310 311 312 310 309 308 308 308 308 308 308 309 308 307 308 310 310 306 304 304 304 304 305 306 307 305 301 299 296 293 294 295 297 298 298 299 298 297 296 295 293 291
-9999 -9999 -9999 -9999 -9999 -9999 -9999 -9999 -9999 -9999 -9999 -9999 -9999 -9999 -9999 -9999 -9999 292 309 311 308 314 318 315 313 310 306 303 305 308 310 311 309 307 304 302 302 303 305 306 307 309 312 312 310 309 310 311 312 311 311 311 310 308 308 308 307 307 306 306 305 305 307 307 307 305 306 306 306 307 307 309 308 304 300 296 294 295 295 298 300 302 303 301 299 298 296 295 292
-9999 -9999 -9999 -9999 -9999 -9999 -9999 -9999 -9999 -9999 -9999 -9999 -9999 -9999 -9999 -9999 268 288 297 300 301 314 320 318 317 314 313 312 310 308 308 310 309 306 304 302 302 303 304 305 307 309 312 312 311 311 311 311 311 310 310 310 310 310 308 308 306 305 305 304 302 302 303 305 306 309 308 308 307 307 306 308 308 304 300 298 295 295 296 298 301 303 303 302 300 298 297 296 294
-9999 -9999 -9999 -9999 -9999 -9999 -9999 -9999 -9999 -9999 -9999 -9999 -9999 -9999 -9999 -9999 266 277 276 288 292 297 310 317 313 307 307 313 317 318 315 310 308 307 304 303 303 302 302 304 306 308 309 310 310 310 310 310 310 309 309 308 309 310 310 307 306 306 305 303 303 302 303 304 306 308 309 309 309 308 307 307 308 304 302 299 297 298 298 300 300 302 302 302 301 299 298 298 297
-9999 -9999 -9999 -9999 -9999 -9999 -9999 -9999 -9999 -9999 -9999 -9999 -9999 -9999 -9999 261 251 268 275 282 289 294 302 310 308 305 306 308 311 317 320 319 315 309 307 306 304 303 302 304 307 309 310 310 310 310 310 309 308 308 307 307 307 309 308 307 304 305 305 304 303 303 304 307 309 310 311 310 311 310 308 305 307 306 302 300 298 299 300 301 300 301 303 303 302 301 301 301 300
-9999 -9999 -9999 -9999 -9999 -9999 -9999 -9999 -9999 -9999 -9999 -9999 -9999 -9999 -9999 263 244 261 269 277 284 291 296 300 300 301 301 303 306 308 311 312 313 316 315 313 309 307 307 307 309 311 312 311 310 310 309 308 308 305 305 305 307 308 309 307 305 304 304 304 306 306 308 311 314 314 312 311 312 312 311 306 303 305 303 301 300 299 301 302 302 302 303 303 303 303 303 302 303
-9999 -9999 -9999 -9999 -9999 -9999 -9999 -9999 -9999 -9999 -9999 -9999 -9999 -9999 -9999 262 238 255 269 275 284 292 298 303 306 306 305 306 307 309 311 312 314 316 314 313 313 314 315 315 315 315 315 313 311 309 309 307 307 308 307 306 307 309 309 309 306 305 304 307 310 311 312 314 313 311 308 309 312 312 311 307 305 305 303 303 302 302 303 303 303 305 304 303 303 302 302 303 303
-9999 -9999 -9999 -9999 -9999 -9999 -9999 -9999 -9999 -9999 -9999 -9999 -9999 -9999 261 250 246 253 266 278 285 294 303 308 307 306 306 307 308 310 311 312 316 319 319 319 316 317 320 321 320 317 314 314 313 312 312 310 309 307 307 308 309 309 311 311 309 308 307 310 313 313 314 315 314 312 310 311 312 313 313 309 306 306 305 306 307 308 306 305 305 304 303 302 302 301 302 303 304
-9999 -9999 -9999 -9999 -9999 -9999 -9999 -9999 -9999 -9999 -9999 -9999 -9999 -9999 222 238 262 270 282 288 293 301 309 312 307 308 310 315 316 312 314 318 322 323 322 320 317 319 322 325 321 316 313 312 312 312 312 314 314 312 309 309 309 310 311 311 311 312 312 313 313 314 315 316 315 313 312 313 316 316 313 310 307 307 308 309 309 310 307 307 305 304 303 301 302 302 302 303 303
-9999 -9999 -9999 -9999 -9999 -9999 -9999 -9999 -9999 -9999 -9999 -9999 -9999 -9999 205 238 263 283 295 296 303 307 313 317 315 318 320 320 319 321 322 320 318 318 319 319 319 321 323 326 323 317 314 314 315 316 315 313 312 312 312 311 310 311 312 313 314 315 316 315 315 314 315 315 315 314 313 314 317 315 315 314 312 312 312 311 310 309 307 307 306 305 304 302 302 305 304 304 304
-9999 -9999 -9999 -9999 -9999 -9999 -9999 -9999 -9999 -9999 -9999 -9999 -9999 193 189 206 238 275 300 304 310 315 319 319 319 320 321 320 322 323 316 314 317 319 319 318 319 321 323 324 323 319 316 316 316 318 319 317 316 314 312 311 311 311 313 314 315 317 319 317 315 313 314 314 314 314 314 313 315 316 316 318 318 314 315 313 310 310 309 308 308 308 308 306 306 307 308 307 305
-9999 -9999 -9999 -9999 -9999 -9999 -9999 -9999 -9999 -9999 -9999 -9999 -9999 187 173 211 245 282 304 310 315 320 322 324 326 324 323 323 324 321 315 317 319 320 319 318 319 321 322 322 322 322 320 319 319 319 320 320 320 320 318 315 312 312 313 314 316 318 319 318 316 315 315 315 315 315 316 317 316 317 318 319 319 318 317 316 313 311 311 309 309 311 313 310 309 309 310 309 307
-9999 -9999 -9999 -9999 -9999 -9999 -9999 -9999 -9999 -9999 -9999 -9999 -9999 217 188 197 249 292 308 313 315 319 322 326 327 327 327 325 320 316 316 320 322 322 320 318 318 320 321 323 322 323 324 324 323 324 324 324 324 326 326 323 318 316 315 316 318 317 318 318 318 318 318 319 318 318 318 319 320 319 317 319 321 320 320 319 317 314 312 310 311 312 314 312 312 310 311 310 309
-9999 -9999 -9999 -9999 -9999 -9999 -9999 -9999 -9999 -9999 -9999 -9999 -9999 238 201 184 246 297 310 312 314 316 320 322 324 323 325 324 318 314 317 321 323 323 321 318 320 324 325 327 327 326 325 325 324 324 325 325 326 329 330 327 325 322 321 322 323 322 321 322 321 321 321 321 321 321 322 322 323 322 319 320 322 323 323 322 319 316 313 312 312 311 311 312 313 311 311 312 312
-9999 -9999 -9999 -9999 -9999 -9999 -9999 -9999 -9999 -9999 -9999 -9999 223 203 197 202 237 282 303 310 311 312 316 319 322 319 322 322 318 314 318 320 322 322 321 320 322 323 326 327 324 324 324 325 325 327 327 327 327 327 329 328 327 325 326 327 327 325 324 324 324 325 324 323 324 325 327 327 325 324 320 321 323 321 321 321 319 318 315 314 313 311 311 312 312 314 312 314 314
-9999 -9999 -9999 -9999 -9999 -9999 -9999 -9999 -9999 -9999 -9999 -9999 208 167 178 214 237 276 303 308 307 307 310 316 319 317 319 318 315 314 317 320 321 322 322 321 323 326 327 324 325 326 326 326 328 330 329 329 329 328 329 331 333 334 334 337 336 333 330 327 328 329 328 328 327 329 331 330 328 325 324 323 322 321 321 320 319 318 317 317 316 314 311 312 312 313 315 316 316
-9999 -9999 -9999 -9999 -9999 -9999 -9999 -9999 -9999 -9999 -9999 -9999 208 180 165 180 231 261 302 305 303 301 304 309 313 312 316 310 310 314 317 320 321 322 323 324 325 324 324 325 326 325 325 327 329 331 332 331 330 330 331 332 335 336 336 338 340 338 337 336 335 333 331 331 333 334 332 330 327 326 322 322 322 321 322 321 319 320 321 317 317 316 313 312 313 314 316 315 315
-9999 -9999 -9999 -9999 -9999 -9999 -9999 -9999 -9999 -9999 -9999 -9999 170 182 203 201 244 263 283 296 295 291 295 301 304 306 304 303 308 313 317 320 321 322 321 320 321 323 325 325 326 326 326 327 329 333 335 334 332 330 331 334 337 337 337 338 340 341 340 340 340 337 333 331 333 336 335 330 328 323 322 323 322 322 322 322 321 320 320 319 319 318 316 314 314 315 317 318 317
-9999 -9999 -9999 -9999 -9999 -9999 -9999 -9999 -9999 -9999 -9999 -9999 179 214 222 206 210 265 250 280 280 280 288 295 298 301 304 307 308 312 316 318 320 320 319 318 321 325 327 328 328 328 327 328 331 334 336 334 332 330 330 332 333 333 333 334 336 338 340 342 343 339 338 335 335 336 335 330 326 326 326 327 324 323 321 321 322 321 321 322 320 316 317 317 316 317 318 319 319
-9999 -9999 -9999 -9999 -9999 -9999 -9999 -9999 -9999 -9999 -9999 -9999 199 231 231 221 236 240 236 253 268 269 282 288 291 296 303 310 316 314 314 317 318 319 319 320 324 329 333 335 335 332 331 331 332 335 335 334 333 332 332 332 333 334 336 337 338 341 342 344 344 342 340 338 337 337 334 330 326 324 323 324 324 323 322 320 321 321 322 320 318 318 317 317 318 316 317 318 318
-9999 -9999 -9999 -9999 -9999 -9999 -9999 -9999 -9999 -9999 -9999 -9999 222 231 231 230 234 230 207 254 285 282 290 287 294 303 309 315 320 323 322 323 324 320 319 323 328 334 340 340 339 339 338 336 336 338 338 337 335 333 333 333 333 334 336 337 338 339 340 340 342 341 340 339 340 339 335 330 324 321 321 321 319 321 321 320 320 321 321 319 315 315 315 316 316 317 317 318 318
-9999 -9999 -9999 -9999 -9999 -9999 -9999 -9999 -9999 -9999 -9999 -9999 259 224 218 226 235 241 196 234 301 301 304 299 304 312 318 317 323 325 327 328 329 324 321 324 329 333 337 337 336 337 338 339 341 343 342 339 337 336 335 336 338 339 339 338 338 338 338 338 337 337 338 338 338 337 334 330 325 323 321 319 321 323 323 320 320 320 320 320 317 316 317 319 319 319 318 316 316
-9999 -9999 -9999 -9999 -9999 -9999 -9999 -9999 -9999 -9999 -9999 -9999 266 242 224 235 266 276 259 281 307 315 318 314 316 322 327 325 329 326 328 329 330 331 327 326 330 333 335 336 336 335 335 336 338 340 338 337 337 336 336 338 339 341 340 340 339 338 337 336 335 335 336 336 335 333 332 329 327 325 325 324 324 325 325 324 323 324 323 324 321 320 323 322 321 320 318 317 316
-9999 -9999 -9999 -9999 -9999 -9999 -9999 -9999 -9999 -9999 -9999 -9999 226 235 268 275 281 296 312 313 316 323 328 327 327 331 335 332 335 334 331 332 333 334 332 328 331 333 335 336 336 335 335 335 336 337 337 337 338 339 340 339 340 341 342 343 343 342 340 337 335 334 335 333 333 333 332 331 330 330 328 327 326 326 325 324 325 326 326 326 325 323 324 324 323 323 321 320 318
-9999 -9999 -9999 -9999 -9999 -9999 -9999 -9999 -9999 -9999 -9999 -9999 223 250 212 262 268 249 294 316 325 332 336 338 337 337 339 338 339 339 336 334 337 337 337 334 334 334 335 336 336 336 336 336 336 337 337 337 338 338 340 341 341 340 341 343 344 344 342 340 338 337 336 335 334 333 334 334 332 330 328 327 327 327 327 326 327 327 327 327 327 327 326 324 323 324 323 322 321
-9999 -9999 -9999 -9999 -9999 -9999 -9999 -9999 -9999 -9999 -9999 -9999 259 269 228 208 258 222 239 297 318 325 334 338 342 341 340 341 344 344 343 342 341 340 340 341 341 340 338 338 338 338 338 337 335 337 337 337 337 338 340 340 341 341 341 342 344 345 343 341 341 339 339 338 337 335 334 332 331 329 327 329 330 327 329 329 328 327 328 327 328 328 327 326 326 325 324 323 322
-9999 -9999 -9999 -9999 -9999 -9999 -9999 -9999 -9999 -9999 -9999 250 267 271 273 206 235 246 218 279 310 316 322 334 340 340 340 340 340 342 341 339 336 336 337 339 341 341 342 342 341 342 340 338 337 337 336 335 336 338 339 340 342 341 341 342 344 344 344 343 343 341 340 340 338 335 334 331 331 330 333 333 332 330 330 331 330 328 328 330 331 330 328 326 325 325 325 323 322
-9999 -9999 -9999 -9999 -9999 -9999 -9999 -9999 -9999 -9999 -9999 260 266 271 276 266 231 267 278 293 310 309 310 326 335 338 336 337 339 338 336 334 331 331 333 336 339 342 342 342 343 341 340 339 339 338 337 336 337 337 338 340 341 341 342 342 343 343 343 343 344 344 341 339 337 334 334 332 330 329 333 335 331 332 332 331 331 330 329 331 331 330 327 325 324 325 325 322 322
-9999 -9999 -9999 -9999 -9999 -9999 -9999 -9999 -9999 -9999 226 254 266 272 277 251 202 233 262 288 300 303 310 321 326 331 333 334 331 330 329 327 328 330 332 335 339 341 344 345 344 342 340 340 339 339 337 336 337 337 337 338 339 340 341 341 342 342 343 344 345 346 345 341 338 335 335 334 331 329 333 334 332 334 335 333 331 331 331 330 330 329 326 323 323 323 323 322 321
-9999 -9999 -9999 -9999 -9999 -9999 -9999 -9999 -9999 -9999 194 238 267 273 277 275 264 224 234 244 280 300 310 318 324 330 327 322 319 319 321 323 327 330 333 336 339 341 343 344 343 343 343 341 341 340 340 341 339 337 339 340 340 340 343 344 343 342 341 343 345 347 345 343 340 339 338 336 333 331 334 336 335 335 335 334 331 331 331 330 329 327 325 323 322 322 322 320 320
-9999 -9999 -9999 -9999 -9999 -9999 -9999 -9999 -9999 179 204 238 263 272 273 273 259 201 207 256 273 286 308 318 321 321 317 310 309 313 318 322 326 330 333 336 339 341 342 343 342 342 343 345 343 341 343 343 345 344 345 346 344 342 344 344 345 345 345 346 346 348 348 345 342 342 341 339 336 335 337 336 336 336 336 335 333 332 331 329 328 327 326 324 321 318 318 318 317
-9999 -9999 -9999 -9999 -9999 -9999 -9999 -9999 -9999 197 202 228 258 268 273 274 249 192 226 260 275 281 263 297 311 308 306 302 308 316 322 326 328 331 334 337 340 341 341 341 341 342 343 345 346 345 347 347 350 352 351 351 349 347 349 350 348 349 349 350 348 349 349 348 346 344 342 340 337 338 340 338 337 337 336 337 335 333 332 329 328 325 323 322 319 317 314 314 315
-9999 -9999 -9999 -9999 -9999 -9999 -9999 -9999 -9999 249 204 221 243 266 275 267 220 198 244 253 258 264 270 258 274 287 302 310 318 322 327 331 333 335 336 336 336 338 340 341 342 344 346 346 346 346 346 347 351 351 351 352 353 350 349 351 353 353 353 353 351 351 350 349 349 347 342 340 339 336 338 338 338 339 338 339 336 333 333 331 329 323 321 319 317 313 312 313 315
-9999 -9999 -9999 -9999 -9999 -9999 -9999 -9999 267 272 220 216 240 265 274 256 204 213 250 266 272 283 293 281 276 280 295 305 311 314 320 324 327 330 332 333 335 338 340 343 345 347 348 348 347 346 347 348 349 350 348 351 353 354 355 352 354 353 354 354 353 353 352 351 351 349 345 342 341 337 338 338 339 341 340 341 338 336 334 332 329 324 319 318 315 313 315 317 316
