Project_folder/Species_1/M_variables/Set_1/bio_12.asc
ncols         249
nrows         150
xllcorner     -108.16666292027
yllcorner     24.666671082377
cellsize      0.16666667535901
NODATA_value  -9999
[rows 76 to 113 of 150, columns 0 to 83 of 249]
-9999 -9999 -9999 -9999 -9999 -9999 -9999 -9999 -9999 535 742 596 427 309 285 334 549 657 462 449 455 453 448 513 468 440 406 394 386 386 388 394 395 398 407 418 430 438 441 448 457 471 481 493 507 517 533 547 553 567 588 605 609 621 634 643 654 677 699 720 740 758 774 794 817 841 871 892 905 924 939 951 950 969 1005 1022 1046 1062 1074 1078 1088 1100 1100 1101
-9999 -9999 -9999 -9999 -9999 -9999 -9999 -9999 485 431 660 647 478 341 321 411 642 593 443 415 412 393 369 421 455 456 424 404 396 397 399 404 411 418 428 430 434 436 438 440 453 467 477 489 503 519 531 546 555 567 587 598 602 612 622 644 659 680 704 721 738 763 789 806 828 845 870 892 911 931 947 962 964 972 1002 1022 1046 1066 1082 1090 1096 1107 1110 1113
-9999 -9999 -9999 -9999 -9999 -9999 -9999 -9999 410 396 548 607 438 347 313 472 711 546 454 403 375 360 376 440 449 431 421 407 404 399 393 402 409 421 427 432 437 436 438 441 451 470 477 495 511 525 542 553 562 565 573 587 601 620 629 641 666 682 704 727 746 772 796 818 838 849 866 889 906 931 951 971 983 983 1002 1024 1052 1071 1089 1101 1106 1112 1114 1119
-9999 -9999 -9999 -9999 -9999 -9999 -9999 -9999 433 412 445 490 349 332 319 368 557 571 543 396 377 371 379 398 400 406 412 401 394 389 388 391 405 418 427 433 437 438 444 450 462 476 491 504 513 524 543 559 560 563 563 579 600 618 638 648 662 681 700 726 742 770 795 820 840 851 867 889 909 924 944 965 979 987 1006 1031 1055 1070 1091 1116 1130 1136 1142 1141
-9999 -9999 -9999 -9999 -9999 -9999 -9999 -9999 504 368 321 305 289 307 389 499 659 569 487 419 397 385 377 384 393 390 391 394 386 384 383 387 402 417 429 434 440 446 448 458 469 480 499 505 511 519 531 543 554 557 566 594 618 629 645 667 678 691 705 724 741 758 786 814 843 859 870 892 910 924 940 962 980 987 1013 1034 1059 1076 1108 1138 1152 1151 1153 1145
-9999 -9999 -9999 -9999 -9999 -9999 -9999 510 643 604 595 380 278 343 489 689 567 478 441 428 412 405 388 394 395 392 386 379 386 382 384 389 404 420 433 438 443 448 456 464 474 491 503 509 516 520 533 552 566 571 591 608 626 649 663 678 695 703 716 732 746 767 787 811 841 862 876 892 908 925 943 964 979 997 1020 1039 1064 1093 1123 1146 1154 1160 1161 1148
-9999 -9999 -9999 -9999 -9999 -9999 -9999 422 563 622 632 397 285 376 678 772 544 430 420 435 413 406 383 397 402 392 372 379 399 395 391 399 413 423 437 446 451 456 467 474 489 491 494 505 514 523 525 542 560 575 591 611 630 652 676 694 708 717 728 738 755 776 798 824 848 864 879 895 912 929 946 968 987 1000 1025 1045 1069 1094 1124 1139 1153 1171 1193 1186
-9999 -9999 -9999 -9999 -9999 -9999 -9999 386 430 531 462 351 349 435 637 670 526 430 414 422 423 412 384 385 388 402 370 382 399 402 406 410 416 424 438 454 463 465 467 477 489 499 511 528 545 551 552 557 566 585 602 621 640 663 688 711 720 728 735 750 764 789 812 829 851 867 881 895 912 933 950 974 1001 1023 1038 1053 1074 1093 1125 1137 1155 1185 1215 1217
-9999 -9999 -9999 -9999 -9999 -9999 -9999 288 299 367 296 306 338 413 467 508 458 412 420 430 432 404 362 357 364 384 378 378 390 398 405 410 417 425 437 453 463 475 473 493 508 518 531 545 557 569 565 567 582 598 613 629 656 675 698 720 727 734 744 763 788 811 828 837 847 864 892 908 929 947 965 988 1015 1029 1049 1064 1084 1103 1129 1149 1161 1178 1191 1196
-9999 -9999 -9999 -9999 -9999 -9999 -9999 289 289 275 271 312 328 347 416 415 385 378 391 390 387 367 357 354 355 375 370 368 376 385 395 404 425 443 454 459 461 468 481 508 522 535 542 550 558 562 560 566 577 597 618 639 667 683 698 714 728 740 756 779 805 837 845 849 853 878 910 938 955 969 984 1009 1030 1045 1060 1076 1098 1116 1133 1139 1146 1156 1152 1121
-9999 -9999 -9999 -9999 -9999 -9999 260 263 266 242 423 383 365 350 396 392 350 333 347 356 372 370 361 373 385 376 370 375 385 402 407 419 450 462 474 475 477 481 495 509 525 536 548 559 565 577 571 565 577 597 618 634 660 671 684 696 710 735 758 775 809 836 856 865 881 898 925 950 966 983 993 1016 1042 1066 1082 1098 1120 1137 1152 1159 1150 1125 1087 1018
-9999 -9999 -9999 -9999 -9999 -9999 248 244 241 239 403 403 335 335 382 383 342 334 343 358 362 368 369 371 372 378 380 376 399 410 413 439 449 460 468 470 475 483 493 507 523 534 539 550 555 558 555 561 575 596 621 636 651 646 645 658 688 727 755 774 800 826 862 890 909 921 933 951 969 988 1002 1034 1061 1080 1100 1124 1153 1172 1192 1192 1180 1117 1026 854
-9999 -9999 -9999 -9999 -9999 238 232 239 226 245 371 417 334 329 363 366 339 331 338 351 355 361 376 386 406 387 395 405 440 437 432 436 443 450 452 459 469 479 494 495 509 529 525 546 550 551 550 555 569 589 612 632 641 626 594 619 692 744 763 791 814 837 866 899 916 922 933 956 978 997 1019 1045 1076 1096 1125 1149 1182 1210 1217 1220 1201 1163 1095 1044
-9999 -9999 -9999 -9999 -9999 289 249 227 221 248 420 372 332 320 331 337 334 327 333 343 353 353 356 373 398 398 409 416 421 419 421 426 433 439 447 459 470 481 493 511 511 504 512 518 533 530 532 543 561 582 602 622 627 607 591 632 717 754 766 794 828 858 882 902 912 911 931 969 990 1003 1019 1048 1079 1116 1156 1190 1211 1238 1255 1265 1273 1254 1241 1223
-9999 -9999 -9999 -9999 275 282 239 226 224 257 431 362 339 330 339 322 328 327 327 337 347 352 352 364 379 385 394 402 407 401 412 421 433 441 452 459 469 481 495 507 518 517 507 506 508 514 521 532 552 577 600 617 624 616 629 663 708 742 768 800 830 859 879 895 906 912 932 974 1002 1006 1021 1047 1077 1132 1184 1221 1234 1252 1282 1310 1323 1334 1329 1358
-9999 -9999 -9999 -9999 265 262 277 226 231 283 331 383 375 361 343 328 339 325 331 339 346 354 358 360 366 374 382 391 397 402 415 425 434 443 450 456 467 479 494 505 523 536 522 515 517 522 525 538 560 584 606 624 633 638 661 687 716 745 779 811 831 851 869 888 902 926 925 962 993 1015 1026 1049 1074 1126 1177 1207 1227 1255 1285 1307 1334 1343 1371 1410
-9999 -9999 -9999 336 330 302 263 234 257 320 338 371 367 378 406 369 340 325 320 327 333 341 349 353 366 381 385 386 396 407 418 426 434 445 454 459 464 477 490 506 517 528 524 520 523 528 531 546 567 591 617 634 642 654 673 698 724 748 777 802 815 834 852 877 896 907 910 937 982 1015 1041 1059 1080 1108 1144 1177 1209 1235 1258 1290 1320 1352 1378 1390
-9999 -9999 -9999 317 334 359 310 247 275 312 293 347 357 356 373 363 333 313 311 316 327 329 339 346 359 376 387 392 406 414 423 435 446 453 456 462 467 477 489 500 515 528 536 535 537 541 549 565 583 604 615 634 644 660 682 706 722 741 759 784 797 815 838 865 893 910 925 954 1000 1020 1055 1075 1093 1107 1137 1170 1188 1213 1233 1260 1287 1311 1329 1350
-9999 -9999 -9999 404 371 358 344 252 260 267 287 356 350 325 358 369 337 317 308 310 317 331 333 339 357 377 393 399 413 423 433 441 451 459 460 463 467 474 486 500 511 523 544 548 549 556 567 577 591 610 626 638 652 665 679 697 713 731 749 771 788 806 831 860 886 907 929 951 984 1013 1053 1076 1091 1112 1134 1161 1180 1197 1215 1235 1252 1279 1296 1312
-9999 -9999 378 383 396 274 253 243 254 257 324 355 324 315 395 379 346 326 315 311 317 318 326 340 359 373 391 402 411 420 431 445 456 461 463 460 455 467 484 497 515 531 548 558 561 571 576 591 603 620 631 644 654 665 680 695 714 731 750 771 789 805 839 872 897 915 931 955 970 1001 1038 1071 1098 1115 1137 1158 1173 1191 1207 1221 1238 1261 1272 1270
-9999 -9999 400 345 420 272 231 245 251 257 316 295 284 337 412 411 435 397 326 310 313 315 319 342 355 368 387 403 409 417 432 448 459 464 468 462 456 466 485 505 522 539 541 551 556 566 579 594 608 621 635 651 666 677 690 700 719 740 758 779 797 819 848 875 904 923 941 964 983 1010 1046 1078 1101 1114 1132 1148 1160 1172 1190 1214 1234 1243 1241 1231
-9999 -9999 407 357 293 247 245 250 267 289 280 251 286 416 565 426 384 352 336 315 313 311 318 338 349 368 390 396 408 419 432 446 455 462 467 465 465 476 495 513 516 526 536 544 553 563 577 591 603 618 638 658 666 682 692 714 732 751 764 779 802 821 841 874 907 931 958 986 992 1011 1046 1074 1090 1105 1119 1131 1135 1144 1169 1193 1217 1226 1226 1214
-9999 506 423 333 272 236 248 270 350 330 240 243 266 396 510 506 425 377 353 326 314 313 317 332 345 364 390 398 409 419 428 440 450 456 462 466 471 484 500 515 521 523 531 539 549 560 577 588 602 620 636 652 673 687 695 713 738 758 776 786 795 813 836 875 903 929 949 970 993 1008 1033 1057 1076 1095 1117 1132 1128 1130 1155 1179 1194 1202 1212 1206
-9999 533 446 345 275 252 262 269 334 280 230 235 260 361 547 532 450 395 358 327 314 314 319 326 344 365 388 396 405 414 424 434 443 445 452 459 468 481 495 511 518 515 530 544 555 571 583 593 605 617 633 650 671 685 700 719 736 759 781 788 800 817 835 858 887 902 915 938 982 997 1018 1040 1058 1086 1109 1120 1120 1125 1140 1157 1176 1190 1207 1208
-9999 457 469 347 282 285 276 261 295 298 230 233 249 352 582 525 438 394 347 324 315 311 314 329 343 363 382 389 396 404 417 424 431 434 437 447 456 470 488 504 507 526 540 552 561 578 592 599 606 623 633 652 676 682 693 713 736 760 774 780 788 818 839 838 855 876 882 906 956 975 1003 1029 1049 1073 1089 1093 1095 1107 1120 1137 1158 1182 1198 1205
-9999 388 401 339 287 263 269 259 266 307 236 237 246 344 562 515 426 379 338 318 312 311 314 327 336 349 366 379 383 392 405 415 420 425 426 436 447 459 473 486 498 511 532 548 569 586 601 606 617 630 639 653 677 683 692 710 737 762 779 781 771 803 829 830 824 853 874 892 928 957 986 1017 1053 1069 1070 1071 1076 1092 1116 1138 1158 1175 1192 1212
-9999 326 356 307 283 289 271 256 256 304 259 244 253 275 380 410 376 340 335 310 305 310 313 324 330 339 352 360 369 377 392 399 405 412 417 424 438 452 470 477 490 504 518 539 571 594 606 610 614 622 631 651 670 673 685 709 742 758 760 771 778 787 814 827 840 861 879 909 926 941 964 993 1032 1061 1066 1058 1064 1081 1106 1139 1164 1185 1209 1224
301 283 285 269 272 282 275 257 253 304 245 247 259 279 301 296 304 282 298 299 292 311 324 324 329 331 344 351 354 362 372 383 389 398 403 415 430 443 457 473 491 498 514 536 565 599 613 627 628 630 631 652 668 667 692 714 735 754 769 781 784 800 804 826 851 873 886 913 925 943 951 980 1012 1045 1055 1057 1070 1090 1114 1138 1164 1185 1207 1227
276 259 244 241 239 251 254 248 234 293 241 243 255 282 292 271 257 253 246 260 270 300 326 328 320 324 334 338 334 345 351 366 375 385 395 405 419 439 444 454 479 493 511 527 562 599 622 637 647 655 651 660 671 688 705 721 740 756 786 798 796 800 808 826 847 869 882 900 918 946 960 979 1001 1026 1042 1052 1069 1094 1122 1148 1167 1190 1206 1221
265 245 233 254 226 240 244 242 232 231 232 234 251 290 281 269 247 234 233 230 260 273 305 314 312 317 319 320 318 321 332 347 362 371 380 395 405 416 432 446 477 498 513 531 553 590 610 618 633 647 652 663 670 687 710 730 737 749 781 795 796 808 823 832 842 860 877 890 915 944 969 984 998 1021 1040 1062 1073 1096 1120 1143 1171 1189 1209 1223
279 245 234 215 217 240 241 233 230 227 232 225 248 280 267 256 239 228 225 239 217 255 287 301 304 303 302 303 305 300 312 332 352 362 372 383 392 401 421 440 467 493 513 541 563 571 590 601 618 631 651 665 670 688 703 727 737 738 755 771 782 799 821 837 841 847 860 875 906 940 970 987 1003 1022 1049 1068 1074 1098 1119 1141 1169 1198 1214 1232
265 243 228 218 218 219 222 223 223 227 220 224 232 260 261 249 238 228 222 220 198 239 271 292 297 298 292 291 291 288 299 318 335 349 362 377 387 402 420 439 465 489 508 527 557 577 586 588 598 614 638 657 665 683 699 706 722 731 741 750 763 793 815 831 839 829 833 867 908 947 979 996 1016 1026 1049 1077 1077 1096 1128 1139 1166 1192 1212 1244
-9999 -9999 -9999 -9999 -9999 -9999 -9999 -9999 -9999 -9999 221 213 224 239 259 254 241 231 225 231 221 234 269 287 296 298 294 285 284 288 296 309 324 340 352 374 387 403 420 443 465 487 507 528 541 551 567 577 593 612 623 639 653 667 684 692 697 720 739 752 761 783 818 836 836 826 821 861 909 946 979 1002 1027 1038 1047 1070 1085 1091 1109 1127 1157 1182 1213 1243
-9999 -9999 -9999 -9999 -9999 -9999 -9999 -9999 -9999 -9999 -9999 220 217 233 247 263 255 248 238 246 251 257 277 290 297 299 295 285 282 290 295 306 313 329 345 366 386 403 421 445 465 485 504 522 529 533 543 565 584 606 616 628 642 662 672 678 684 708 733 742 762 779 806 828 846 850 850 879 912 944 968 995 1026 1044 1050 1066 1084 1098 1108 1124 1147 1178 1212 1244
-9999 -9999 -9999 -9999 -9999 -9999 -9999 -9999 -9999 -9999 -9999 -9999 234 240 240 251 269 265 264 267 270 280 291 299 304 307 303 295 294 301 303 306 311 323 341 371 381 400 428 453 474 493 514 526 534 537 548 572 584 608 621 631 649 669 676 680 684 699 737 750 758 766 792 827 853 866 871 885 913 940 963 990 1021 1039 1049 1068 1081 1102 1120 1132 1150 1188 1220 1254
-9999 -9999 -9999 -9999 -9999 -9999 -9999 -9999 -9999 -9999 -9999 -9999 -9999 278 243 235 267 269 276 285 296 296 308 314 325 322 317 310 312 312 316 318 322 329 342 356 375 406 428 455 476 496 513 529 542 549 561 578 589 601 612 628 648 661 674 692 704 714 745 762 759 762 787 827 858 873 878 889 908 939 966 993 1023 1044 1057 1074 1089 1113 1138 1157 1178 1211 1246 1274
-9999 -9999 -9999 -9999 -9999 -9999 -9999 -9999 -9999 -9999 -9999 -9999 -9999 -9999 -9999 247 243 273 303 296 304 310 319 343 362 340 338 331 330 329 333 332 339 351 359 371 381 392 421 445 466 492 508 528 546 557 566 573 581 588 596 617 643 667 685 699 709 725 746 778 779 782 808 845 860 868 874 886 915 946 975 999 1031 1055 1071 1093 1111 1137 1167 1198 1230 1258 1286 1303
-9999 -9999 -9999 -9999 -9999 -9999 -9999 -9999 -9999 -9999 -9999 -9999 -9999 -9999 -9999 -9999 272 272 299 296 311 318 325 357 386 389 377 363 352 349 351 355 354 363 379 385 391 391 406 435 459 484 507 524 545 560 570 579 585 591 599 611 637 666 677 687 701 715 739 782 800 807 833 857 862 873 883 907 936 956 986 1011 1042 1075 1102 1123 1148 1174 1197 1238 1272 1306 1328 1343
