Project_folder/Species_1/M_variables/Set_1/bio_5.asc
ncols         249
nrows         150
xllcorner     -108.16666292027
yllcorner     24.666671082377
cellsize      0.16666667535901
NODATA_value  -9999
[rows 39 to 77 of 150, columns 89 to 177 of 249]
284 286 286 285 284 281 279 280 282 283 284 284 286 285 285 284 283 283 282 281 281 281 281 283 284 287 289 287 284 281 280 279 274 266 -9999 -9999 -9999 -9999 -9999 -9999 -9999 266 268 272 275 278 281 283 285 285 284 283 283 282 280 281 281 281 283 284 284 282 280 276 274 271 266 -9999 -9999 -9999 -9999 -9999 -9999 -9999 -9999 -9999 -9999 -9999 -9999 -9999 -9999 -9999 -9999 -9999 266 267 270 273 274
286 287 288 288 286 284 282 280 280 281 286 288 286 286 282 282 283 282 280 278 280 280 282 282 284 286 288 287 285 284 282 278 272 266 -9999 -9999 -9999 -9999 -9999 -9999 -9999 266 269 272 275 278 281 283 285 284 284 282 281 280 278 278 278 278 281 282 282 282 281 279 277 273 269 -9999 -9999 -9999 -9999 -9999 -9999 -9999 -9999 -9999 -9999 -9999 -9999 -9999 -9999 -9999 -9999 -9999 -9999 264 266 269 268
287 289 291 290 288 286 284 283 281 281 285 289 289 288 286 284 286 284 283 281 282 281 283 284 284 286 287 287 287 286 282 276 268 263 262 -9999 -9999 -9999 -9999 -9999 -9999 267 270 273 274 276 279 283 283 283 282 281 279 278 277 277 277 277 279 282 284 284 284 281 279 277 275 -9999 -9999 -9999 -9999 -9999 -9999 -9999 -9999 -9999 -9999 -9999 -9999 -9999 -9999 -9999 -9999 -9999 263 265 266 264 261
289 289 290 290 288 287 286 286 285 284 286 286 286 284 284 288 287 286 283 282 283 283 283 286 286 287 287 287 288 288 283 276 268 263 263 -9999 -9999 -9999 -9999 -9999 -9999 267 268 272 273 275 280 283 284 283 282 281 279 278 277 277 276 277 280 284 286 287 285 283 282 281 -9999 -9999 -9999 -9999 -9999 -9999 -9999 -9999 -9999 -9999 -9999 -9999 -9999 -9999 -9999 -9999 -9999 263 265 268 266 259 257
291 291 289 288 288 288 289 289 289 289 288 289 289 287 285 284 287 287 284 283 283 285 285 286 287 287 287 288 288 287 284 278 271 268 268 -9999 -9999 -9999 -9999 -9999 -9999 269 268 273 276 278 283 286 285 284 282 281 280 279 279 278 278 278 281 286 287 285 285 283 -9999 -9999 -9999 -9999 -9999 -9999 -9999 -9999 -9999 -9999 -9999 -9999 -9999 -9999 -9999 -9999 -9999 265 265 262 259 261 264 260 253
291 292 289 288 288 289 291 293 293 293 292 292 292 290 288 286 285 288 288 285 284 285 286 286 286 287 288 289 288 286 284 280 277 275 274 -9999 -9999 -9999 -9999 -9999 275 275 274 277 280 281 285 286 285 283 281 280 280 281 279 278 278 280 285 286 283 279 279 280 -9999 -9999 -9999 -9999 -9999 -9999 -9999 -9999 -9999 -9999 -9999 -9999 -9999 -9999 270 270 269 264 258 258 258 261 258 254 252
290 292 292 290 290 291 292 294 295 295 295 295 294 292 290 290 289 289 288 288 286 285 285 285 286 287 287 288 288 286 286 284 283 281 280 -9999 -9999 -9999 -9999 279 280 281 281 281 282 283 285 285 284 282 280 279 278 279 280 280 281 283 286 286 280 275 -9999 -9999 -9999 -9999 -9999 -9999 -9999 -9999 -9999 -9999 -9999 -9999 -9999 270 271 272 271 268 262 260 259 262 265 262 260 254 255
293 293 292 291 292 293 294 295 295 296 297 297 295 294 293 292 290 290 290 291 289 287 285 285 286 286 286 287 288 288 289 289 288 287 286 285 -9999 -9999 282 283 283 284 285 284 283 284 286 285 283 281 279 277 277 279 281 283 285 287 289 289 284 278 -9999 -9999 -9999 -9999 -9999 -9999 -9999 -9999 -9999 -9999 273 272 272 272 271 270 266 264 264 262 263 263 266 263 258 251 253
298 297 295 293 293 294 295 296 297 299 300 300 298 295 294 294 292 292 293 293 292 290 288 286 286 286 286 288 289 290 291 293 291 291 290 289 288 287 285 284 284 285 286 286 286 286 285 283 282 280 279 279 281 283 285 286 287 290 293 293 288 282 -9999 -9999 -9999 -9999 -9999 -9999 -9999 -9999 279 277 274 270 271 271 270 269 267 267 266 266 264 266 265 263 258 253 252
300 300 299 297 296 297 298 299 300 301 304 303 301 299 296 294 293 293 294 295 294 293 291 289 288 288 288 289 290 291 292 292 291 290 291 290 290 288 285 284 287 289 288 288 287 286 284 283 282 281 281 283 285 287 288 288 288 291 295 294 290 285 282 280 282 283 286 287 286 284 280 275 269 267 273 273 273 273 272 271 270 269 267 267 266 263 259 257 256
303 303 302 301 300 300 301 302 302 303 304 305 303 302 299 296 296 295 296 297 296 295 295 295 294 292 289 290 291 294 294 292 291 290 289 289 289 288 287 288 291 292 292 289 287 286 285 284 284 286 286 287 289 290 290 290 289 290 292 292 290 287 284 283 283 284 286 288 285 282 279 275 272 273 279 278 278 278 275 274 276 275 271 269 266 264 263 261 258
304 304 304 303 302 302 304 306 306 305 305 305 304 304 300 298 296 296 296 295 294 295 296 300 298 295 291 291 293 294 294 294 292 291 290 290 290 291 290 291 292 294 293 290 287 286 285 286 288 289 290 290 291 291 291 290 289 288 290 291 290 288 284 283 282 281 283 285 283 278 280 278 277 279 283 283 281 280 277 275 277 277 274 273 268 265 263 262 263
304 304 303 302 304 304 305 307 307 306 304 303 301 303 303 301 299 297 296 296 295 295 297 302 300 297 295 294 294 295 295 294 293 292 292 291 292 292 292 292 293 293 291 288 287 287 288 289 291 292 292 292 292 292 291 290 288 287 288 290 291 288 284 282 280 280 280 281 279 279 282 281 281 282 284 286 284 282 278 277 277 277 278 275 271 267 266 266 259
304 304 304 303 304 307 308 309 308 306 304 302 301 302 302 301 300 298 298 298 296 295 299 303 301 298 297 297 296 296 295 295 294 293 292 293 293 293 293 294 294 292 290 288 288 289 291 293 292 293 293 294 294 293 292 290 288 288 289 291 291 288 284 281 279 278 278 279 279 281 282 282 282 282 281 283 282 283 281 278 279 278 278 277 272 269 267 265 268
304 304 305 305 306 307 309 310 310 307 305 303 302 303 302 301 302 301 301 300 298 298 300 300 301 301 299 298 297 297 297 296 294 293 293 293 293 293 294 295 294 293 290 287 288 290 292 292 292 293 294 294 294 293 292 290 288 289 292 293 292 289 284 279 276 279 278 280 280 280 283 284 283 282 281 282 283 283 285 284 282 281 281 277 276 272 268 269 268
305 305 305 307 306 308 310 311 310 309 306 305 304 304 304 303 303 304 303 302 302 302 302 302 302 302 301 299 297 296 296 295 294 293 293 292 293 293 294 296 295 293 289 287 288 290 290 289 290 291 293 293 293 292 291 289 288 289 292 292 292 290 286 279 278 279 280 280 282 280 284 286 285 282 282 283 283 283 286 285 286 285 281 280 278 274 269 266 268
307 306 306 308 307 308 311 311 310 309 309 306 304 305 305 305 305 304 306 307 307 305 304 304 305 304 301 299 297 297 296 295 294 293 293 293 294 295 296 296 296 294 291 290 290 290 289 288 288 288 289 290 291 290 289 287 288 285 288 291 291 289 287 281 281 283 283 283 284 282 284 288 285 282 281 282 283 281 283 287 289 286 282 283 280 277 272 269 263
309 308 307 308 307 308 310 311 310 310 310 308 306 305 306 306 305 306 307 309 307 305 305 305 305 304 302 301 299 298 297 297 295 295 294 295 296 295 294 294 296 295 293 292 291 290 290 290 288 287 287 288 290 290 289 287 287 287 288 290 290 290 289 284 283 286 285 286 286 287 287 285 285 282 281 283 283 281 282 286 289 289 285 280 276 263 272 261 272
312 311 309 309 307 308 309 310 310 310 311 310 306 305 305 307 306 308 308 307 306 306 306 307 307 305 304 303 302 301 299 299 298 297 297 298 297 296 295 295 296 295 294 293 293 291 290 290 287 285 286 288 290 292 293 290 288 290 289 292 291 293 293 287 287 290 289 289 288 287 290 288 283 281 282 285 282 280 282 285 289 287 284 269 257 260 259 264 287
314 314 312 310 309 309 311 312 312 312 313 311 305 305 305 306 308 308 305 305 305 306 307 307 308 306 305 304 304 305 304 302 300 299 299 301 300 298 296 295 295 295 296 295 294 293 291 290 287 287 289 290 292 293 296 295 291 289 288 290 291 294 295 292 291 290 289 289 289 288 290 289 283 281 283 286 283 282 283 285 288 286 271 266 262 257 257 272 280
315 315 312 312 311 311 313 315 316 317 314 311 309 307 305 307 309 306 304 304 305 307 308 309 309 308 307 306 306 307 307 305 303 302 302 303 302 300 298 297 296 297 298 297 296 296 294 292 289 291 293 292 294 296 299 296 290 287 287 289 291 293 294 291 291 290 289 288 287 289 290 288 285 284 286 286 284 283 284 285 288 273 267 266 256 256 261 288 286
314 312 312 313 312 312 315 317 319 320 317 312 311 312 308 309 309 306 305 305 307 309 310 311 311 311 309 308 307 307 307 306 304 303 303 304 303 301 300 298 298 298 298 298 298 297 295 294 294 296 297 296 296 297 296 294 289 287 287 287 290 294 294 290 290 291 290 290 289 291 292 291 289 289 290 289 287 286 286 287 281 271 264 257 253 259 273 300 296
314 310 312 313 313 312 314 317 319 319 316 313 310 312 315 312 312 308 307 307 309 311 312 313 313 312 311 309 308 306 306 306 306 306 306 305 303 303 300 299 298 298 298 299 300 299 296 295 297 301 300 299 301 299 296 293 290 288 287 288 290 293 294 291 290 291 291 292 292 292 293 295 292 291 291 291 289 289 291 287 278 271 261 256 256 270 292 295 293
316 313 314 313 313 313 314 315 317 317 315 314 313 312 316 317 314 311 310 309 310 312 314 315 313 312 312 310 309 308 308 308 308 309 309 306 305 304 302 300 299 298 298 299 302 301 299 297 299 300 301 302 300 300 297 294 291 289 288 290 290 292 296 294 292 292 293 294 294 295 295 294 292 292 291 291 289 291 291 286 279 267 261 252 252 276 289 282 286
319 317 316 316 316 316 314 314 315 315 315 315 316 317 316 319 316 312 310 310 311 313 315 315 314 313 312 311 311 310 309 309 310 311 312 309 307 306 304 302 300 300 300 300 303 303 302 300 300 301 303 301 301 302 298 294 292 290 290 293 292 296 297 294 294 295 297 297 297 297 294 295 293 293 292 292 289 290 286 278 271 266 256 244 263 286 286 278 283
318 318 318 318 318 318 315 314 315 316 317 315 315 317 319 319 318 316 314 314 314 314 315 315 314 314 313 312 312 311 310 310 311 312 313 311 309 309 307 304 302 301 300 303 304 305 304 302 302 302 302 302 299 300 299 295 293 292 294 296 294 297 296 296 296 298 300 301 300 299 296 295 294 293 293 292 290 286 278 265 265 255 252 251 278 285 275 278 287
317 317 317 318 320 320 316 315 316 318 319 319 316 316 316 317 319 318 318 318 315 314 314 314 314 314 314 314 314 313 311 311 312 313 312 311 312 311 309 306 303 303 303 304 306 307 305 304 305 305 303 302 299 300 298 297 296 296 296 297 293 297 299 299 298 299 301 300 300 299 298 295 294 292 291 290 290 279 260 251 256 244 241 261 277 272 282 294 292
315 316 317 318 322 320 319 318 319 318 321 318 321 321 319 317 317 319 321 319 315 315 315 315 314 314 314 314 313 312 313 314 314 314 313 312 313 311 309 305 304 303 302 302 303 307 306 306 304 305 302 301 300 300 299 298 297 298 298 297 297 296 300 303 301 300 299 298 299 298 298 295 294 291 291 286 278 270 250 248 240 246 249 263 272 265 292 298 293
316 314 315 318 321 321 320 319 319 320 320 318 319 320 320 319 317 318 320 318 318 317 316 315 314 313 312 312 313 312 313 317 317 315 313 312 312 311 309 304 303 303 304 304 304 309 308 306 304 304 305 302 300 300 300 300 300 299 298 295 296 297 300 302 303 301 300 298 298 300 298 294 291 289 282 272 268 259 245 244 250 249 256 266 264 289 298 293 290
319 318 319 323 323 323 322 318 319 318 318 319 319 319 319 318 317 318 318 318 319 318 317 316 315 314 313 312 313 314 315 318 318 316 314 314 312 312 310 307 304 306 306 306 307 312 309 308 307 304 305 304 302 300 301 300 300 302 301 298 296 298 300 300 302 300 298 297 296 296 293 289 287 284 279 269 262 246 241 259 262 263 273 274 278 293 299 288 294
320 320 322 324 324 321 320 317 320 318 318 318 319 319 317 317 316 316 319 319 320 319 318 317 317 315 314 313 314 315 316 318 317 316 315 315 314 313 312 310 307 308 307 307 309 312 311 310 309 306 305 304 302 301 301 300 300 302 303 300 298 299 299 300 301 299 297 297 294 290 288 283 282 280 267 257 248 255 267 265 274 277 285 283 283 292 295 295 309
322 322 322 322 322 320 320 320 320 319 320 320 320 319 316 315 316 313 316 319 321 320 318 318 318 315 313 313 315 317 317 318 317 317 317 316 315 313 313 311 310 308 307 307 308 313 312 310 309 307 306 305 303 303 303 303 303 301 300 302 301 300 300 301 301 301 298 298 292 286 279 274 274 276 258 258 265 275 272 276 280 290 285 292 287 275 289 303 309
322 320 321 319 319 321 319 319 318 318 319 320 318 317 316 317 314 314 314 318 320 321 320 318 317 314 312 313 317 317 317 317 317 316 316 316 315 314 312 310 310 307 306 306 306 310 313 311 309 306 305 304 305 304 303 304 302 300 302 304 303 303 302 303 301 304 303 294 291 282 274 272 267 263 270 269 279 277 275 290 289 295 291 299 281 290 303 307 310
320 320 319 316 317 318 317 317 316 316 318 318 317 317 318 314 317 318 316 316 319 321 321 318 314 312 312 312 313 313 315 316 317 316 316 316 315 314 313 312 310 309 308 307 308 308 311 311 307 304 301 302 303 302 301 299 300 301 304 307 306 303 303 305 305 303 301 298 293 289 283 277 267 264 278 283 278 273 276 287 300 299 293 294 300 304 307 307 309
319 317 317 316 314 317 315 316 318 318 320 320 318 319 321 322 320 319 318 317 319 323 321 321 316 316 315 315 314 314 315 315 317 318 317 317 315 314 313 311 311 310 310 310 309 310 310 309 306 303 300 299 298 300 297 296 296 300 302 305 305 302 300 302 302 302 297 294 291 287 284 275 269 275 280 283 264 273 281 292 301 298 293 300 304 306 306 305 307
316 315 314 314 316 317 314 317 318 318 320 323 322 321 323 324 324 321 321 319 320 324 324 321 320 320 319 318 316 315 316 315 316 318 317 317 315 313 312 313 313 313 312 310 311 313 314 312 308 304 302 299 299 300 298 297 296 298 299 301 302 299 297 294 292 293 293 290 282 276 279 270 272 275 274 281 285 284 290 296 306 304 304 304 305 305 307 307 308
316 315 314 316 319 318 316 317 317 319 320 322 322 325 324 326 324 324 323 325 325 326 324 323 323 322 320 320 319 318 318 317 316 316 316 316 315 313 313 313 314 315 314 312 312 310 311 310 307 303 301 301 301 300 299 297 296 297 297 296 294 294 293 282 285 286 285 283 279 276 270 262 266 273 278 283 286 283 281 286 304 306 305 306 307 309 310 310 310
316 318 320 323 324 325 323 321 319 320 321 322 322 324 325 324 326 327 328 329 328 328 326 324 324 323 321 320 320 319 318 317 316 317 316 316 315 314 314 313 315 317 316 315 312 309 308 307 307 305 303 301 301 300 300 299 301 298 291 289 287 280 273 281 270 283 286 280 273 272 277 271 276 280 284 281 274 275 280 297 303 305 305 304 308 311 311 313 312
321 325 326 326 327 326 325 323 320 322 323 323 324 324 327 327 328 330 331 332 332 330 327 325 324 323 321 319 319 319 319 317 316 316 317 319 320 318 316 314 313 314 313 313 312 308 309 309 305 301 299 298 299 298 300 302 300 297 295 287 290 289 288 286 293 289 287 284 286 282 268 260 265 273 279 275 274 269 292 301 304 304 307 309 311 313 314 315 315
