Project_folder/Species_1/M_variables/Set_1/bio_6.asc
ncols         249
nrows         150
xllcorner     -108.16666292027
yllcorner     24.666671082377
cellsize      0.16666667535901
NODATA_value  -9999
[rows 39 to 77 of 150, columns 0 to 88 of 249]
-9999 -9999 -9999 -9999 -9999 -9999 -9999 -9999 -9999 -9999 -9999 -9999 -9999 -9999 -9999 -9999 -9999 -9999 -9999 -9999 -9999 -126 -130 -132 -134 -136 -138 -136 -130 -126 -126 -127 -129 -131 -132 -132 -129 -126 -123 -124 -128 -131 -131 -133 -135 -136 -134 -130 -128 -127 -129 -132 -134 -136 -139 -139 -136 -136 -135 -134 -137 -139 -142 -146 -150 -154 -156 -158 -156 -151 -148 -149 -150 -153 -154 -154 -155 -154 -152 -151 -149 -149 -151 -152 -152 -152 -153 -154 -153
-9999 -9999 -9999 -9999 -9999 -9999 -9999 -9999 -9999 -9999 -9999 -9999 -9999 -9999 -9999 -9999 -9999 -9999 -9999 -9999 -121 -124 -127 -130 -133 -135 -137 -136 -132 -129 -128 -128 -128 -130 -133 -134 -131 -126 -122 -122 -125 -128 -129 -130 -132 -134 -132 -130 -128 -128 -129 -130 -131 -133 -134 -132 -133 -134 -133 -132 -133 -135 -138 -141 -144 -147 -150 -152 -151 -147 -144 -145 -146 -149 -150 -152 -152 -151 -149 -149 -149 -148 -149 -149 -149 -151 -153 -153 -153
-9999 -9999 -9999 -9999 -9999 -9999 -9999 -9999 -9999 -9999 -9999 -9999 -9999 -9999 -9999 -9999 -9999 -9999 -9999 -118 -120 -122 -125 -127 -128 -130 -133 -132 -130 -128 -126 -124 -124 -127 -132 -135 -132 -127 -123 -122 -124 -125 -126 -126 -126 -128 -129 -128 -126 -125 -127 -129 -130 -130 -131 -131 -132 -133 -133 -132 -131 -133 -136 -138 -139 -141 -144 -145 -144 -143 -142 -141 -143 -145 -148 -151 -151 -149 -148 -148 -149 -148 -146 -144 -146 -149 -153 -152 -151
-9999 -9999 -9999 -9999 -9999 -9999 -9999 -9999 -9999 -9999 -9999 -9999 -9999 -9999 -9999 -9999 -9999 -9999 -9999 -115 -117 -119 -123 -126 -129 -131 -132 -130 -126 -123 -120 -120 -122 -126 -131 -133 -132 -128 -125 -124 -124 -124 -124 -123 -121 -123 -127 -127 -125 -122 -124 -127 -129 -129 -129 -130 -134 -135 -135 -133 -131 -132 -134 -136 -136 -137 -140 -141 -140 -139 -138 -138 -139 -141 -144 -148 -149 -148 -147 -147 -147 -145 -143 -141 -142 -145 -147 -148 -147
-9999 -9999 -9999 -9999 -9999 -9999 -9999 -9999 -9999 -9999 -9999 -9999 -9999 -9999 -9999 -9999 -9999 -9999 -109 -110 -113 -116 -120 -123 -127 -132 -133 -128 -123 -119 -115 -118 -121 -126 -130 -132 -131 -128 -125 -124 -124 -124 -123 -123 -124 -126 -128 -128 -127 -125 -126 -127 -129 -129 -129 -131 -135 -137 -135 -133 -131 -131 -132 -134 -135 -135 -137 -138 -138 -136 -134 -134 -135 -137 -140 -144 -147 -146 -145 -144 -143 -141 -139 -138 -139 -140 -142 -144 -144
-9999 -9999 -9999 -9999 -9999 -9999 -9999 -9999 -9999 -9999 -9999 -9999 -9999 -9999 -9999 -9999 -9999 -107 -104 -105 -108 -112 -116 -120 -124 -127 -127 -124 -120 -116 -113 -116 -121 -126 -130 -133 -131 -126 -123 -123 -124 -123 -122 -123 -127 -130 -130 -130 -131 -131 -129 -129 -129 -129 -130 -132 -135 -135 -134 -132 -132 -132 -132 -132 -133 -133 -135 -137 -137 -135 -132 -130 -130 -132 -134 -139 -142 -142 -141 -141 -139 -137 -135 -135 -137 -138 -139 -140 -142
-9999 -9999 -9999 -9999 -9999 -9999 -9999 -9999 -9999 -9999 -9999 -9999 -9999 -9999 -9999 -9999 -9999 -104 -100 -100 -103 -106 -111 -115 -118 -120 -120 -119 -116 -114 -114 -116 -121 -126 -130 -131 -129 -124 -121 -121 -122 -122 -120 -123 -127 -130 -131 -131 -133 -134 -132 -130 -130 -129 -130 -132 -134 -135 -134 -133 -132 -132 -131 -131 -130 -131 -132 -134 -135 -133 -130 -128 -127 -127 -129 -133 -136 -137 -138 -138 -137 -134 -131 -132 -136 -138 -136 -137 -139
-9999 -9999 -9999 -9999 -9999 -9999 -9999 -9999 -9999 -9999 -9999 -9999 -9999 -9999 -9999 -9999 -110 -103 -99 -98 -99 -102 -106 -110 -113 -115 -115 -114 -113 -113 -114 -117 -122 -127 -131 -131 -128 -124 -121 -122 -123 -122 -122 -124 -127 -129 -131 -132 -133 -134 -132 -130 -129 -129 -129 -131 -133 -134 -135 -134 -133 -133 -132 -131 -130 -129 -130 -132 -134 -132 -128 -125 -124 -125 -127 -129 -131 -133 -134 -134 -134 -132 -130 -131 -135 -135 -134 -134 -135
-9999 -9999 -9999 -9999 -9999 -9999 -9999 -9999 -9999 -9999 -9999 -9999 -9999 -9999 -9999 -9999 -111 -105 -103 -97 -96 -97 -99 -104 -109 -113 -113 -111 -112 -112 -114 -117 -122 -127 -132 -131 -128 -126 -125 -125 -124 -124 -125 -126 -128 -129 -130 -131 -132 -132 -132 -130 -128 -128 -128 -129 -132 -134 -135 -135 -134 -132 -131 -130 -129 -127 -128 -129 -130 -128 -125 -122 -122 -124 -126 -128 -129 -130 -131 -131 -132 -132 -131 -131 -131 -130 -130 -130 -130
-9999 -9999 -9999 -9999 -9999 -9999 -9999 -9999 -9999 -9999 -9999 -9999 -9999 -9999 -9999 -116 -116 -108 -102 -98 -96 -96 -96 -100 -105 -109 -111 -110 -111 -112 -114 -117 -120 -125 -128 -128 -128 -127 -128 -127 -125 -125 -126 -128 -128 -128 -129 -129 -130 -130 -130 -128 -127 -126 -126 -128 -131 -135 -136 -134 -132 -130 -128 -126 -125 -124 -124 -125 -124 -122 -120 -120 -119 -121 -124 -127 -129 -130 -131 -130 -130 -130 -128 -127 -127 -125 -123 -123 -125
-9999 -9999 -9999 -9999 -9999 -9999 -9999 -9999 -9999 -9999 -9999 -9999 -9999 -9999 -9999 -118 -119 -110 -104 -99 -98 -99 -100 -101 -103 -107 -108 -109 -111 -113 -115 -116 -118 -120 -123 -125 -126 -125 -125 -124 -124 -125 -126 -127 -127 -126 -126 -126 -126 -126 -126 -125 -124 -124 -124 -126 -130 -135 -137 -133 -128 -125 -124 -122 -120 -119 -119 -121 -121 -118 -117 -116 -115 -116 -121 -127 -131 -132 -131 -130 -128 -125 -123 -123 -123 -122 -121 -120 -121
-9999 -9999 -9999 -9999 -9999 -9999 -9999 -9999 -9999 -9999 -9999 -9999 -9999 -9999 -9999 -120 -122 -112 -103 -99 -99 -103 -104 -105 -107 -109 -108 -108 -111 -113 -115 -115 -115 -116 -119 -122 -123 -122 -120 -119 -122 -124 -124 -124 -124 -124 -124 -123 -123 -122 -121 -121 -121 -122 -124 -126 -131 -136 -137 -129 -122 -118 -118 -118 -117 -116 -116 -118 -120 -119 -117 -115 -114 -114 -120 -125 -129 -129 -129 -128 -126 -122 -119 -120 -121 -122 -123 -122 -122
-9999 -9999 -9999 -9999 -9999 -9999 -9999 -9999 -9999 -9999 -9999 -9999 -9999 -9999 -123 -123 -119 -112 -104 -99 -101 -106 -107 -110 -113 -114 -112 -112 -112 -113 -114 -112 -111 -111 -115 -119 -121 -120 -117 -117 -120 -123 -125 -123 -122 -122 -121 -120 -119 -119 -117 -117 -119 -121 -125 -129 -130 -132 -129 -122 -116 -113 -114 -114 -114 -113 -114 -115 -117 -117 -116 -116 -115 -116 -121 -123 -123 -123 -124 -125 -125 -121 -117 -118 -121 -124 -125 -125 -125
-9999 -9999 -9999 -9999 -9999 -9999 -9999 -9999 -9999 -9999 -9999 -9999 -9999 -9999 -139 -128 -112 -105 -101 -101 -104 -108 -111 -115 -117 -119 -117 -115 -115 -114 -113 -111 -109 -108 -111 -116 -118 -116 -114 -113 -118 -125 -126 -123 -121 -120 -120 -118 -117 -117 -116 -115 -116 -119 -122 -126 -126 -124 -120 -116 -115 -114 -113 -112 -112 -111 -112 -112 -113 -113 -115 -116 -117 -117 -120 -120 -120 -119 -120 -121 -121 -118 -115 -116 -119 -122 -124 -125 -124
-9999 -9999 -9999 -9999 -9999 -9999 -9999 -9999 -9999 -9999 -9999 -9999 -9999 -9999 -149 -128 -109 -102 -101 -102 -106 -110 -115 -119 -121 -121 -119 -117 -116 -116 -113 -110 -108 -107 -109 -113 -114 -113 -111 -112 -117 -123 -124 -121 -120 -119 -119 -118 -118 -117 -115 -114 -113 -115 -118 -120 -120 -118 -114 -114 -115 -115 -113 -111 -110 -110 -109 -110 -109 -110 -112 -114 -115 -115 -116 -117 -118 -118 -117 -116 -115 -113 -112 -113 -115 -117 -120 -121 -121
-9999 -9999 -9999 -9999 -9999 -9999 -9999 -9999 -9999 -9999 -9999 -9999 -9999 -161 -158 -145 -120 -101 -102 -104 -107 -112 -117 -121 -121 -120 -119 -117 -116 -116 -112 -109 -107 -106 -109 -111 -111 -110 -109 -111 -116 -118 -117 -117 -118 -118 -118 -119 -119 -117 -115 -111 -109 -110 -113 -115 -116 -114 -112 -112 -114 -115 -113 -111 -109 -108 -107 -108 -108 -109 -110 -111 -112 -112 -112 -114 -116 -116 -115 -114 -111 -109 -107 -109 -111 -111 -114 -116 -116
-9999 -9999 -9999 -9999 -9999 -9999 -9999 -9999 -9999 -9999 -9999 -9999 -9999 -166 -166 -143 -113 -100 -104 -105 -107 -111 -115 -118 -119 -119 -118 -116 -114 -112 -110 -107 -105 -104 -106 -107 -107 -107 -108 -112 -115 -115 -114 -115 -117 -116 -116 -119 -119 -117 -114 -110 -105 -107 -111 -113 -114 -113 -112 -112 -113 -114 -111 -108 -108 -108 -107 -106 -106 -107 -108 -109 -110 -109 -109 -111 -114 -114 -114 -113 -110 -106 -105 -108 -110 -110 -110 -111 -111
-9999 -9999 -9999 -9999 -9999 -9999 -9999 -9999 -9999 -9999 -9999 -9999 -9999 -167 -166 -153 -116 -98 -103 -103 -104 -107 -111 -114 -116 -116 -116 -114 -112 -109 -107 -104 -102 -101 -102 -103 -103 -104 -106 -110 -113 -114 -114 -115 -113 -106 -110 -116 -117 -116 -113 -110 -109 -111 -113 -113 -113 -113 -113 -112 -110 -109 -107 -105 -105 -107 -108 -106 -105 -106 -107 -107 -106 -106 -106 -108 -110 -111 -111 -110 -107 -105 -107 -109 -112 -110 -108 -109 -106
-9999 -9999 -9999 -9999 -9999 -9999 -9999 -9999 -9999 -9999 -9999 -9999 -9999 -167 -163 -160 -122 -92 -96 -97 -99 -102 -107 -111 -114 -115 -114 -112 -110 -108 -106 -103 -100 -100 -100 -100 -100 -101 -103 -106 -110 -112 -113 -111 -105 -99 -104 -110 -113 -114 -112 -110 -111 -115 -114 -112 -111 -112 -112 -110 -108 -106 -104 -102 -102 -105 -107 -106 -106 -106 -106 -104 -102 -102 -103 -104 -105 -106 -107 -106 -105 -106 -108 -110 -111 -109 -105 -102 -101
-9999 -9999 -9999 -9999 -9999 -9999 -9999 -9999 -9999 -9999 -9999 -9999 -170 -168 -165 -153 -133 -99 -87 -89 -92 -97 -104 -109 -113 -114 -113 -111 -110 -108 -106 -103 -101 -101 -101 -100 -99 -98 -99 -103 -107 -110 -111 -109 -103 -100 -102 -106 -109 -110 -109 -108 -109 -112 -112 -109 -107 -109 -111 -111 -109 -105 -102 -100 -99 -100 -101 -103 -106 -106 -105 -101 -99 -100 -101 -101 -101 -100 -100 -101 -103 -106 -110 -110 -110 -107 -102 -99 -96
-9999 -9999 -9999 -9999 -9999 -9999 -9999 -9999 -9999 -9999 -9999 -9999 -172 -176 -170 -152 -138 -111 -87 -86 -88 -94 -101 -108 -113 -113 -112 -111 -110 -108 -106 -104 -103 -103 -102 -102 -101 -97 -96 -100 -104 -108 -110 -107 -103 -100 -100 -102 -104 -105 -104 -105 -106 -108 -110 -106 -103 -106 -109 -111 -108 -102 -97 -95 -95 -96 -97 -100 -104 -105 -103 -99 -96 -97 -97 -98 -97 -93 -92 -94 -98 -103 -106 -107 -107 -104 -99 -95 -92
-9999 -9999 -9999 -9999 -9999 -9999 -9999 -9999 -9999 -9999 -9999 -9999 -172 -175 -177 -169 -146 -129 -96 -97 -96 -97 -102 -107 -111 -112 -112 -112 -111 -109 -107 -106 -105 -104 -104 -104 -101 -98 -96 -98 -102 -105 -107 -105 -101 -98 -97 -98 -99 -99 -100 -103 -105 -107 -109 -107 -105 -105 -105 -105 -102 -97 -92 -90 -90 -91 -94 -97 -101 -103 -102 -98 -94 -93 -93 -94 -92 -88 -86 -87 -91 -96 -98 -100 -100 -98 -94 -91 -89
-9999 -9999 -9999 -9999 -9999 -9999 -9999 -9999 -9999 -9999 -9999 -9999 -179 -177 -171 -166 -147 -135 -118 -109 -106 -105 -105 -108 -111 -113 -113 -113 -112 -110 -108 -107 -107 -106 -104 -102 -100 -97 -95 -96 -100 -103 -105 -102 -98 -96 -94 -96 -96 -97 -98 -101 -104 -105 -106 -107 -105 -103 -102 -100 -97 -93 -90 -87 -87 -88 -90 -94 -98 -100 -99 -94 -91 -90 -89 -88 -87 -84 -81 -79 -80 -85 -89 -92 -92 -91 -89 -87 -86
-9999 -9999 -9999 -9999 -9999 -9999 -9999 -9999 -9999 -9999 -9999 -9999 -181 -178 -176 -175 -168 -139 -142 -120 -116 -113 -110 -110 -113 -114 -114 -113 -113 -112 -110 -110 -109 -108 -105 -102 -99 -96 -94 -95 -97 -100 -100 -97 -95 -94 -94 -95 -94 -94 -95 -98 -100 -102 -102 -103 -102 -101 -99 -97 -94 -91 -87 -85 -85 -86 -87 -90 -94 -96 -92 -88 -87 -86 -86 -84 -82 -80 -76 -73 -71 -74 -81 -85 -86 -84 -83 -83 -83
-9999 -9999 -9999 -9999 -9999 -9999 -9999 -9999 -9999 -9999 -9999 -9999 -185 -187 -185 -182 -171 -160 -153 -135 -121 -118 -113 -114 -117 -118 -116 -116 -115 -115 -114 -113 -112 -109 -105 -101 -98 -95 -93 -94 -96 -97 -97 -94 -93 -95 -96 -96 -93 -90 -92 -95 -97 -98 -98 -97 -97 -96 -96 -95 -93 -89 -85 -83 -83 -84 -86 -87 -88 -90 -89 -87 -85 -84 -82 -81 -79 -76 -73 -71 -70 -71 -77 -82 -83 -82 -81 -80 -80
-9999 -9999 -9999 -9999 -9999 -9999 -9999 -9999 -9999 -9999 -9999 -9999 -182 -190 -190 -186 -179 -169 -166 -131 -105 -108 -108 -116 -120 -119 -119 -119 -118 -117 -117 -117 -115 -111 -106 -101 -99 -96 -92 -94 -96 -97 -96 -95 -96 -97 -97 -97 -94 -92 -94 -95 -95 -94 -94 -92 -92 -92 -93 -94 -92 -88 -83 -81 -81 -83 -84 -85 -88 -90 -89 -87 -86 -83 -81 -80 -78 -74 -73 -73 -73 -75 -79 -82 -83 -82 -81 -79 -78
-9999 -9999 -9999 -9999 -9999 -9999 -9999 -9999 -9999 -9999 -9999 -9999 -154 -189 -188 -183 -175 -160 -171 -143 -92 -97 -103 -112 -117 -119 -121 -121 -120 -119 -118 -119 -119 -113 -107 -103 -101 -100 -98 -98 -98 -98 -97 -96 -98 -99 -98 -97 -96 -96 -97 -96 -94 -93 -91 -89 -88 -89 -90 -92 -92 -89 -83 -79 -81 -83 -84 -85 -88 -90 -90 -88 -85 -82 -81 -82 -79 -76 -74 -74 -76 -78 -82 -83 -83 -83 -82 -79 -80
-9999 -9999 -9999 -9999 -9999 -9999 -9999 -9999 -9999 -9999 -9999 -9999 -145 -167 -180 -173 -142 -125 -134 -111 -93 -95 -101 -107 -113 -117 -122 -123 -120 -119 -118 -117 -115 -112 -109 -106 -105 -105 -105 -103 -101 -99 -97 -96 -98 -101 -100 -98 -97 -97 -97 -96 -94 -94 -90 -85 -84 -85 -87 -89 -91 -89 -83 -80 -81 -84 -86 -86 -87 -88 -87 -85 -84 -82 -82 -83 -80 -75 -75 -76 -77 -79 -82 -83 -82 -82 -82 -82 -83
-9999 -9999 -9999 -9999 -9999 -9999 -9999 -9999 -9999 -9999 -9999 -9999 -180 -163 -141 -134 -125 -102 -87 -89 -92 -95 -99 -104 -107 -113 -117 -119 -116 -115 -115 -113 -111 -111 -110 -108 -108 -108 -109 -106 -103 -99 -96 -95 -97 -99 -98 -97 -96 -96 -95 -94 -92 -90 -85 -79 -78 -80 -82 -84 -86 -85 -80 -79 -81 -85 -87 -85 -84 -83 -83 -83 -83 -83 -83 -82 -78 -75 -75 -77 -78 -79 -80 -79 -79 -79 -79 -80 -81
-9999 -9999 -9999 -9999 -9999 -9999 -9999 -9999 -9999 -9999 -9999 -9999 -178 -155 -172 -146 -141 -148 -106 -90 -90 -94 -98 -100 -104 -108 -111 -110 -109 -110 -112 -112 -112 -112 -110 -108 -108 -109 -109 -106 -101 -97 -95 -95 -96 -97 -96 -94 -92 -91 -91 -90 -88 -85 -80 -75 -74 -76 -78 -79 -82 -81 -79 -78 -80 -83 -84 -82 -82 -82 -82 -82 -82 -83 -83 -79 -75 -73 -74 -77 -79 -78 -78 -77 -75 -75 -76 -76 -77
-9999 -9999 -9999 -9999 -9999 -9999 -9999 -9999 -9999 -9999 -9999 -9999 -152 -145 -164 -170 -149 -163 -148 -106 -92 -93 -95 -97 -100 -104 -106 -103 -102 -105 -108 -111 -112 -112 -108 -106 -105 -108 -109 -105 -99 -93 -92 -94 -95 -95 -94 -93 -90 -89 -88 -87 -85 -81 -77 -74 -73 -73 -75 -78 -80 -80 -78 -77 -78 -79 -79 -80 -82 -83 -82 -80 -80 -80 -78 -74 -71 -71 -73 -76 -77 -77 -78 -76 -75 -74 -73 -74 -75
-9999 -9999 -9999 -9999 -9999 -9999 -9999 -9999 -9999 -9999 -9999 -167 -158 -154 -149 -170 -158 -151 -158 -119 -92 -91 -93 -95 -98 -100 -101 -100 -99 -101 -103 -106 -107 -107 -106 -104 -104 -106 -107 -102 -96 -89 -89 -92 -92 -93 -94 -92 -87 -84 -84 -84 -83 -80 -76 -74 -72 -73 -75 -77 -80 -78 -76 -74 -74 -74 -74 -76 -78 -79 -78 -77 -78 -77 -72 -69 -67 -69 -70 -70 -70 -73 -78 -77 -75 -76 -76 -75 -76
-9999 -9999 -9999 -9999 -9999 -9999 -9999 -9999 -9999 -9999 -9999 -168 -175 -168 -158 -151 -161 -141 -127 -105 -86 -88 -92 -93 -96 -97 -98 -97 -96 -97 -98 -100 -101 -101 -101 -101 -101 -101 -101 -99 -95 -91 -89 -89 -89 -90 -92 -90 -84 -80 -81 -81 -80 -77 -75 -74 -73 -73 -74 -74 -74 -73 -71 -70 -68 -68 -69 -71 -73 -75 -74 -75 -78 -76 -71 -68 -67 -68 -68 -67 -66 -68 -73 -73 -72 -75 -77 -76 -75
-9999 -9999 -9999 -9999 -9999 -9999 -9999 -9999 -9999 -9999 -171 -173 -182 -178 -169 -165 -170 -160 -139 -109 -89 -87 -88 -90 -94 -95 -95 -94 -94 -94 -94 -94 -94 -95 -96 -96 -97 -97 -96 -94 -95 -92 -87 -85 -85 -87 -88 -87 -83 -80 -80 -78 -77 -75 -74 -74 -73 -74 -73 -71 -69 -68 -67 -66 -65 -64 -66 -68 -69 -71 -71 -72 -74 -72 -68 -67 -68 -68 -67 -66 -65 -64 -64 -64 -66 -69 -71 -73 -73
-9999 -9999 -9999 -9999 -9999 -9999 -9999 -9999 -9999 -9999 -169 -173 -180 -182 -176 -172 -164 -164 -154 -142 -110 -88 -85 -88 -90 -90 -91 -92 -92 -91 -90 -88 -87 -88 -90 -91 -92 -92 -91 -90 -91 -88 -83 -80 -81 -83 -85 -85 -83 -81 -79 -77 -75 -73 -73 -74 -74 -75 -73 -69 -66 -64 -64 -66 -66 -65 -64 -65 -66 -67 -67 -67 -68 -67 -65 -67 -69 -68 -65 -62 -60 -58 -58 -59 -61 -62 -66 -68 -68
-9999 -9999 -9999 -9999 -9999 -9999 -9999 -9999 -9999 -165 -166 -170 -175 -176 -174 -170 -166 -168 -162 -139 -118 -100 -84 -85 -87 -89 -90 -91 -90 -88 -86 -84 -83 -84 -86 -87 -87 -87 -87 -86 -86 -82 -77 -74 -76 -79 -82 -83 -82 -80 -79 -75 -72 -71 -72 -74 -75 -75 -71 -67 -64 -63 -64 -66 -68 -66 -63 -62 -62 -63 -63 -63 -63 -63 -62 -66 -70 -66 -61 -55 -53 -52 -55 -59 -61 -63 -65 -65 -63
-9999 -9999 -9999 -9999 -9999 -9999 -9999 -9999 -9999 -163 -164 -166 -168 -169 -166 -163 -165 -167 -158 -137 -116 -104 -116 -95 -88 -89 -89 -90 -87 -84 -81 -80 -80 -81 -82 -83 -83 -82 -81 -80 -79 -76 -71 -68 -71 -76 -78 -80 -79 -78 -76 -73 -71 -70 -71 -72 -72 -71 -68 -65 -62 -62 -63 -64 -65 -63 -60 -59 -59 -60 -60 -61 -62 -62 -61 -63 -66 -63 -57 -51 -49 -49 -54 -59 -62 -66 -67 -66 -65
-9999 -9999 -9999 -9999 -9999 -9999 -9999 -9999 -9999 -158 -161 -162 -163 -161 -158 -158 -165 -165 -154 -142 -132 -121 -112 -120 -106 -96 -88 -84 -81 -79 -77 -76 -77 -79 -79 -79 -79 -77 -76 -74 -72 -69 -67 -67 -70 -74 -76 -77 -76 -75 -74 -71 -69 -69 -69 -69 -68 -67 -65 -64 -62 -61 -60 -60 -60 -57 -55 -55 -56 -58 -59 -61 -63 -60 -58 -59 -60 -58 -54 -50 -49 -51 -55 -59 -63 -64 -66 -68 -69
-9999 -9999 -9999 -9999 -9999 -9999 -9999 -9999 -156 -155 -157 -158 -156 -153 -150 -154 -162 -161 -151 -132 -120 -113 -103 -104 -103 -97 -88 -83 -80 -78 -76 -75 -76 -78 -78 -77 -75 -72 -69 -68 -68 -67 -67 -69 -71 -74 -75 -75 -74 -73 -72 -69 -66 -65 -64 -64 -64 -64 -63 -63 -61 -58 -57 -57 -56 -53 -51 -52 -54 -55 -57 -58 -58 -55 -53 -53 -55 -54 -52 -49 -49 -52 -56 -60 -64 -66 -66 -67 -68
