Project_folder/Species_1/M_variables/Set_1/bio_12.asc
ncols         249
nrows         150
xllcorner     -108.16666292027
yllcorner     24.666671082377
cellsize      0.16666667535901
NODATA_value  -9999
[rows 0 to 37 of 150, columns 84 to 167 of 249]
-9999 -9999 -9999 -9999 -9999 -9999 -9999 -9999 -9999 -9999 -9999 -9999 -9999 -9999 -9999 -9999 -9999 -9999 -9999 -9999 -9999 -9999 -9999 -9999 -9999 -9999 -9999 -9999 -9999 -9999 -9999 -9999 -9999 -9999 -9999 -9999 -9999 -9999 -9999 -9999 -9999 -9999 -9999 -9999 -9999 -9999 -9999 -9999 -9999 -9999 -9999 -9999 -9999 -9999 -9999 -9999 -9999 -9999 -9999 -9999 -9999 -9999 -9999 -9999 -9999 -9999 -9999 -9999 -9999 -9999 -9999 -9999 -9999 -9999 -9999 -9999 -9999 -9999 -9999 -9999 -9999 -9999 -9999 -9999
-9999 -9999 -9999 -9999 -9999 -9999 -9999 -9999 -9999 -9999 -9999 -9999 -9999 -9999 -9999 -9999 -9999 -9999 -9999 -9999 -9999 -9999 -9999 -9999 -9999 -9999 -9999 -9999 -9999 -9999 -9999 -9999 -9999 -9999 -9999 -9999 -9999 -9999 -9999 -9999 -9999 -9999 -9999 -9999 -9999 -9999 -9999 -9999 -9999 -9999 -9999 -9999 -9999 -9999 -9999 -9999 -9999 -9999 -9999 -9999 -9999 -9999 -9999 -9999 -9999 -9999 -9999 -9999 -9999 -9999 -9999 -9999 -9999 -9999 -9999 -9999 -9999 -9999 -9999 -9999 -9999 -9999 -9999 -9999
-9999 -9999 -9999 -9999 -9999 -9999 -9999 -9999 -9999 -9999 -9999 -9999 -9999 -9999 -9999 -9999 -9999 -9999 -9999 -9999 -9999 -9999 -9999 -9999 -9999 -9999 -9999 -9999 -9999 -9999 -9999 -9999 -9999 -9999 -9999 -9999 -9999 -9999 -9999 -9999 -9999 -9999 -9999 -9999 -9999 -9999 -9999 -9999 -9999 -9999 -9999 -9999 -9999 -9999 -9999 -9999 -9999 -9999 -9999 -9999 -9999 -9999 -9999 -9999 -9999 -9999 -9999 -9999 -9999 -9999 -9999 -9999 -9999 -9999 -9999 -9999 -9999 -9999 -9999 -9999 -9999 -9999 -9999 -9999
-9999 -9999 -9999 -9999 -9999 -9999 -9999 -9999 -9999 -9999 -9999 -9999 -9999 -9999 -9999 -9999 -9999 -9999 -9999 -9999 -9999 -9999 -9999 -9999 -9999 -9999 -9999 -9999 -9999 -9999 -9999 -9999 -9999 -9999 -9999 -9999 -9999 -9999 -9999 -9999 -9999 -9999 -9999 -9999 -9999 -9999 -9999 -9999 -9999 -9999 -9999 -9999 -9999 -9999 -9999 -9999 -9999 -9999 -9999 -9999 -9999 -9999 -9999 -9999 -9999 -9999 -9999 -9999 -9999 -9999 -9999 -9999 -9999 -9999 -9999 -9999 -9999 -9999 -9999 -9999 -9999 -9999 -9999 -9999
-9999 -9999 -9999 -9999 -9999 -9999 -9999 -9999 -9999 -9999 -9999 -9999 -9999 -9999 -9999 -9999 -9999 -9999 -9999 -9999 -9999 -9999 -9999 -9999 -9999 -9999 -9999 -9999 -9999 -9999 -9999 -9999 -9999 -9999 -9999 -9999 -9999 -9999 -9999 -9999 -9999 -9999 -9999 -9999 -9999 -9999 -9999 -9999 -9999 -9999 -9999 -9999 -9999 -9999 -9999 -9999 -9999 -9999 -9999 -9999 -9999 -9999 -9999 -9999 -9999 -9999 -9999 -9999 -9999 -9999 -9999 -9999 -9999 -9999 -9999 -9999 -9999 -9999 -9999 -9999 -9999 -9999 -9999 -9999
662 667 667 668 665 668 678 688 701 -9999 -9999 -9999 -9999 -9999 -9999 -9999 -9999 -9999 -9999 -9999 -9999 -9999 -9999 -9999 -9999 -9999 -9999 -9999 -9999 -9999 -9999 -9999 -9999 -9999 -9999 -9999 -9999 -9999 -9999 -9999 -9999 -9999 -9999 -9999 -9999 -9999 -9999 -9999 -9999 -9999 -9999 -9999 -9999 -9999 -9999 -9999 -9999 -9999 -9999 -9999 -9999 -9999 -9999 -9999 -9999 -9999 -9999 -9999 -9999 -9999 -9999 -9999 -9999 -9999 -9999 -9999 -9999 -9999 -9999 -9999 -9999 -9999 -9999 -9999
660 663 663 662 657 659 673 684 697 704 701 -9999 -9999 -9999 -9999 -9999 -9999 -9999 -9999 -9999 -9999 -9999 -9999 -9999 -9999 -9999 -9999 -9999 -9999 -9999 -9999 -9999 -9999 -9999 -9999 -9999 -9999 -9999 -9999 -9999 -9999 -9999 -9999 -9999 -9999 -9999 -9999 -9999 -9999 -9999 -9999 -9999 -9999 -9999 -9999 -9999 -9999 -9999 -9999 -9999 -9999 -9999 -9999 -9999 -9999 -9999 -9999 -9999 -9999 -9999 -9999 -9999 -9999 -9999 -9999 -9999 -9999 -9999 -9999 -9999 -9999 -9999 -9999 -9999
660 661 663 659 657 661 674 684 693 697 696 692 686 679 -9999 -9999 -9999 -9999 -9999 708 715 -9999 -9999 -9999 -9999 -9999 -9999 -9999 -9999 -9999 -9999 -9999 -9999 -9999 -9999 -9999 -9999 -9999 -9999 -9999 -9999 -9999 -9999 -9999 -9999 -9999 -9999 -9999 -9999 -9999 -9999 -9999 -9999 -9999 -9999 -9999 -9999 -9999 -9999 -9999 -9999 -9999 -9999 -9999 -9999 -9999 -9999 -9999 -9999 -9999 -9999 -9999 -9999 -9999 -9999 -9999 -9999 -9999 -9999 -9999 -9999 -9999 -9999 -9999
658 667 668 664 665 669 678 689 696 696 700 699 692 686 684 686 693 700 705 710 713 716 721 729 738 738 -9999 -9999 -9999 -9999 -9999 -9999 745 752 761 -9999 -9999 -9999 -9999 -9999 -9999 -9999 -9999 -9999 -9999 -9999 -9999 -9999 -9999 -9999 -9999 -9999 -9999 -9999 -9999 -9999 -9999 -9999 -9999 -9999 -9999 -9999 -9999 -9999 -9999 -9999 -9999 -9999 -9999 -9999 -9999 -9999 -9999 -9999 -9999 -9999 -9999 -9999 -9999 -9999 -9999 -9999 -9999 -9999
658 668 672 671 670 673 677 684 694 704 706 710 705 703 695 692 699 709 718 724 727 725 722 731 735 737 744 738 729 730 736 745 759 763 768 -9999 -9999 -9999 -9999 -9999 -9999 -9999 -9999 -9999 -9999 -9999 -9999 -9999 -9999 -9999 -9999 -9999 -9999 -9999 -9999 -9999 -9999 -9999 -9999 -9999 -9999 -9999 -9999 -9999 -9999 -9999 -9999 -9999 -9999 -9999 -9999 -9999 -9999 -9999 -9999 -9999 -9999 -9999 -9999 -9999 -9999 -9999 -9999 -9999
666 669 673 674 675 675 677 683 693 702 711 718 718 710 706 711 714 722 728 738 736 732 723 727 738 734 725 723 730 740 756 760 759 768 -9999 -9999 -9999 -9999 -9999 -9999 -9999 -9999 -9999 -9999 -9999 -9999 -9999 -9999 -9999 -9999 -9999 -9999 -9999 -9999 -9999 -9999 -9999 -9999 -9999 -9999 -9999 -9999 -9999 -9999 -9999 -9999 -9999 -9999 -9999 -9999 -9999 -9999 -9999 -9999 -9999 -9999 -9999 -9999 -9999 -9999 -9999 -9999 -9999 -9999
669 674 678 677 679 678 676 678 688 703 717 727 725 720 721 729 733 737 742 740 735 718 704 703 704 714 723 -9999 740 749 755 760 -9999 -9999 -9999 -9999 -9999 -9999 -9999 -9999 -9999 -9999 -9999 -9999 -9999 -9999 -9999 -9999 -9999 -9999 -9999 -9999 -9999 -9999 -9999 -9999 -9999 -9999 -9999 -9999 -9999 -9999 -9999 -9999 -9999 -9999 -9999 -9999 -9999 -9999 -9999 -9999 -9999 -9999 -9999 -9999 -9999 -9999 -9999 -9999 -9999 -9999 -9999 -9999
672 679 681 683 682 680 679 682 689 705 716 722 728 732 737 747 759 762 754 734 713 706 708 713 -9999 -9999 -9999 -9999 -9999 -9999 -9999 -9999 -9999 -9999 -9999 789 792 794 799 803 -9999 -9999 -9999 -9999 -9999 -9999 -9999 -9999 -9999 -9999 -9999 -9999 -9999 -9999 -9999 -9999 -9999 -9999 -9999 -9999 -9999 -9999 -9999 -9999 -9999 -9999 -9999 -9999 -9999 -9999 -9999 -9999 -9999 -9999 -9999 -9999 -9999 -9999 -9999 -9999 -9999 -9999 -9999 -9999
673 683 685 691 687 685 684 679 680 695 703 713 728 736 749 762 766 756 733 724 728 -9999 -9999 -9999 -9999 -9999 -9999 -9999 -9999 -9999 -9999 -9999 -9999 790 793 816 816 808 801 804 -9999 -9999 -9999 -9999 -9999 -9999 -9999 -9999 -9999 -9999 -9999 -9999 -9999 -9999 -9999 -9999 -9999 -9999 -9999 -9999 -9999 -9999 -9999 -9999 -9999 -9999 -9999 -9999 -9999 -9999 -9999 -9999 -9999 -9999 -9999 -9999 -9999 -9999 -9999 -9999 -9999 -9999 -9999 -9999
676 687 692 693 691 689 687 680 686 696 705 714 731 741 754 758 746 733 737 -9999 -9999 -9999 -9999 -9999 -9999 -9999 -9999 -9999 -9999 -9999 -9999 783 790 804 821 808 795 794 799 801 -9999 -9999 -9999 -9999 -9999 -9999 -9999 -9999 -9999 -9999 -9999 -9999 -9999 -9999 -9999 -9999 -9999 -9999 -9999 -9999 -9999 -9999 -9999 -9999 -9999 -9999 -9999 -9999 -9999 -9999 -9999 -9999 -9999 -9999 -9999 -9999 -9999 -9999 -9999 -9999 -9999 -9999 -9999 -9999
690 697 705 702 696 693 695 695 701 710 718 729 740 749 748 741 735 742 750 765 775 -9999 -9999 -9999 -9999 -9999 -9999 -9999 -9999 788 785 790 816 812 799 792 788 791 -9999 -9999 -9999 -9999 -9999 -9999 -9999 -9999 -9999 -9999 -9999 -9999 -9999 -9999 -9999 -9999 -9999 -9999 -9999 -9999 -9999 -9999 -9999 -9999 -9999 -9999 -9999 -9999 -9999 -9999 -9999 -9999 -9999 -9999 -9999 -9999 -9999 -9999 -9999 -9999 -9999 -9999 -9999 -9999 -9999 -9999
699 706 710 705 703 704 706 711 720 730 740 745 748 733 729 736 741 749 767 792 800 805 -9999 -9999 -9999 808 809 809 802 795 798 818 817 796 787 789 788 792 789 793 -9999 -9999 -9999 -9999 -9999 -9999 -9999 -9999 -9999 -9999 -9999 -9999 -9999 853 872 888 -9999 -9999 -9999 -9999 -9999 -9999 -9999 -9999 -9999 -9999 -9999 -9999 -9999 -9999 -9999 -9999 -9999 -9999 -9999 -9999 -9999 -9999 -9999 -9999 -9999 -9999 -9999 -9999
707 710 715 709 708 713 717 727 739 752 756 748 720 717 729 741 753 775 798 800 806 815 819 819 818 831 868 850 838 818 808 811 797 796 803 829 838 832 819 796 796 -9999 -9999 -9999 -9999 -9999 825 814 803 798 804 813 827 844 857 872 890 -9999 -9999 -9999 -9999 -9999 -9999 -9999 -9999 -9999 -9999 -9999 -9999 -9999 -9999 -9999 -9999 -9999 -9999 -9999 -9999 -9999 -9999 -9999 -9999 -9999 -9999 -9999
704 712 715 717 720 723 731 739 747 753 752 736 729 732 744 765 774 790 792 790 806 826 837 850 861 871 881 885 861 831 806 802 803 818 836 840 832 836 832 836 802 804 821 833 843 842 832 829 820 811 809 812 823 835 841 852 869 892 922 939 -9999 -9999 -9999 -9999 -9999 -9999 -9999 -9999 -9999 -9999 -9999 -9999 -9999 -9999 -9999 -9999 -9999 -9999 -9999 -9999 -9999 -9999 -9999 -9999
702 713 720 725 731 735 743 745 748 757 762 762 746 729 728 750 777 787 790 804 820 846 868 876 874 873 873 871 855 833 823 811 811 813 819 818 813 813 821 831 829 819 840 846 858 856 846 829 813 810 808 805 806 819 834 846 858 863 863 865 879 -9999 -9999 -9999 -9999 -9999 -9999 -9999 -9999 -9999 -9999 -9999 -9999 -9999 -9999 -9999 -9999 -9999 -9999 -9999 -9999 -9999 -9999 -9999
704 717 722 729 736 742 751 756 762 769 771 758 733 694 676 730 779 806 817 830 841 855 865 869 862 857 855 850 845 838 834 823 808 800 794 787 790 799 806 814 823 837 842 843 846 845 831 814 805 801 796 798 803 808 820 832 831 834 834 821 830 846 847 857 -9999 -9999 -9999 -9999 -9999 -9999 -9999 -9999 -9999 -9999 -9999 -9999 -9999 -9999 -9999 -9999 -9999 -9999 -9999 -9999
703 717 729 735 742 744 754 764 770 771 768 757 741 721 715 751 791 812 822 828 837 845 848 848 838 830 826 822 817 812 823 820 805 794 780 773 780 786 794 806 810 820 821 810 817 820 808 800 796 800 797 787 785 792 802 807 812 806 808 803 797 795 809 822 832 -9999 -9999 -9999 -9999 -9999 -9999 -9999 -9999 -9999 -9999 -9999 -9999 -9999 -9999 -9999 -9999 -9999 -9999 -9999
706 723 734 740 738 743 755 765 772 773 773 768 760 751 754 782 813 822 823 828 833 828 826 828 822 814 807 804 794 792 807 809 800 789 775 771 772 779 787 796 799 794 787 780 784 787 793 783 787 792 789 779 777 775 777 782 788 781 778 773 770 770 783 798 812 817 -9999 -9999 -9999 -9999 -9999 -9999 -9999 -9999 -9999 -9999 -9999 -9999 -9999 -9999 -9999 -9999 -9999 -9999
707 728 739 741 739 742 752 765 772 781 783 783 787 788 793 813 831 827 827 831 829 821 815 815 817 803 797 795 787 790 799 805 797 789 784 776 776 777 786 792 787 775 755 756 757 766 776 779 -9999 790 -9999 -9999 -9999 773 769 776 783 773 765 762 759 -9999 -9999 775 -9999 -9999 -9999 -9999 -9999 -9999 -9999 -9999 -9999 -9999 -9999 -9999 -9999 -9999 -9999 -9999 -9999 -9999 -9999 -9999
708 730 745 747 743 740 753 759 772 787 800 805 817 817 814 821 842 832 830 833 823 819 811 809 812 804 799 798 794 797 805 805 798 791 786 776 774 779 788 791 780 764 748 742 748 759 772 -9999 -9999 -9999 -9999 -9999 -9999 776 787 798 794 777 764 765 755 751 755 -9999 -9999 -9999 -9999 -9999 -9999 -9999 -9999 -9999 -9999 -9999 -9999 -9999 -9999 -9999 -9999 -9999 -9999 -9999 -9999 -9999
714 728 745 750 750 750 754 762 775 790 796 806 820 820 817 829 834 827 828 823 816 813 810 813 817 814 810 808 815 821 811 805 805 798 786 775 777 779 790 795 778 762 750 741 -9999 -9999 -9999 -9999 -9999 -9999 -9999 -9999 790 790 794 803 796 782 776 764 756 751 744 746 750 758 -9999 -9999 -9999 -9999 -9999 -9999 -9999 -9999 -9999 -9999 -9999 -9999 -9999 -9999 -9999 -9999 -9999 -9999
723 735 746 749 750 751 757 767 779 789 795 809 816 822 819 821 823 825 819 818 817 819 820 822 822 816 809 810 814 819 818 820 805 796 788 778 775 783 792 793 776 768 758 750 758 -9999 -9999 -9999 -9999 -9999 806 805 799 806 808 815 820 801 778 760 752 745 741 739 738 746 -9999 -9999 -9999 -9999 -9999 -9999 -9999 -9999 -9999 -9999 -9999 -9999 -9999 -9999 -9999 -9999 -9999 -9999
722 733 750 758 749 750 762 777 781 789 797 809 808 811 815 816 812 813 818 815 819 822 826 828 827 820 818 816 821 819 814 808 802 795 791 785 779 782 787 791 779 775 768 764 -9999 -9999 -9999 -9999 823 824 818 812 802 808 810 824 832 809 779 752 739 731 729 729 727 736 754 -9999 -9999 -9999 -9999 -9999 -9999 -9999 -9999 -9999 -9999 -9999 -9999 -9999 -9999 -9999 -9999 -9999
718 734 751 752 747 738 761 777 775 790 804 808 808 803 808 805 800 808 811 814 818 824 833 833 829 824 821 818 821 820 811 801 798 795 792 785 777 775 777 780 779 779 772 776 -9999 -9999 -9999 821 834 844 836 811 799 798 815 816 806 794 774 750 728 724 726 729 727 737 753 -9999 -9999 -9999 -9999 -9999 -9999 -9999 -9999 -9999 -9999 -9999 -9999 -9999 -9999 -9999 -9999 -9999
726 739 743 743 744 756 770 762 767 792 807 806 803 798 802 805 807 815 817 819 817 821 832 835 832 826 827 825 825 823 811 798 797 792 791 778 765 762 767 779 780 774 777 -9999 -9999 -9999 821 835 847 862 843 809 803 803 806 799 791 777 758 745 734 730 731 732 743 743 757 -9999 -9999 -9999 -9999 -9999 -9999 -9999 -9999 -9999 -9999 -9999 -9999 -9999 -9999 -9999 -9999 -9999
730 735 737 742 758 769 774 772 776 780 795 805 806 812 820 821 824 830 835 833 819 814 828 834 834 830 827 821 826 823 814 800 794 785 781 770 751 753 768 774 771 774 -9999 -9999 -9999 -9999 830 845 856 855 847 826 809 800 787 785 780 768 754 744 742 738 736 737 740 749 763 -9999 -9999 -9999 -9999 -9999 -9999 -9999 -9999 -9999 -9999 -9999 -9999 -9999 -9999 -9999 -9999 -9999
736 740 747 755 768 774 780 783 788 795 801 801 815 826 829 834 829 834 836 831 820 818 823 825 824 822 821 815 820 817 812 800 787 780 776 761 747 763 769 768 764 -9999 -9999 -9999 -9999 -9999 831 844 856 855 849 832 813 795 783 765 757 757 757 760 745 739 734 741 748 756 -9999 -9999 -9999 -9999 -9999 -9999 -9999 -9999 -9999 -9999 -9999 -9999 -9999 -9999 -9999 -9999 -9999 -9999
745 752 760 771 775 782 788 788 789 793 799 816 829 824 828 832 835 834 836 828 825 831 831 828 820 817 813 811 819 813 804 793 784 782 774 764 763 769 764 761 765 -9999 -9999 -9999 -9999 821 830 845 851 855 858 851 824 798 776 763 756 765 764 753 745 742 737 744 750 757 -9999 -9999 -9999 -9999 -9999 -9999 -9999 -9999 -9999 -9999 -9999 -9999 -9999 -9999 -9999 -9999 -9999 -9999
754 760 768 783 788 780 786 789 791 793 804 827 834 838 822 827 825 819 820 828 831 838 831 826 815 814 811 810 807 803 799 785 778 775 773 787 782 784 775 765 772 -9999 -9999 -9999 815 824 839 849 858 865 859 852 833 811 784 778 775 767 759 751 751 743 736 738 744 755 769 792 812 833 -9999 -9999 -9999 -9999 -9999 -9999 -9999 -9999 -9999 -9999 -9999 -9999 -9999 -9999
760 761 764 780 790 789 792 796 798 796 805 823 831 835 835 837 822 799 811 822 829 841 835 825 821 813 815 810 802 797 792 790 782 774 769 797 816 816 791 780 -9999 -9999 -9999 -9999 -9999 830 843 854 865 875 868 862 841 819 798 793 779 768 766 762 754 746 738 733 736 751 772 798 822 839 -9999 -9999 -9999 -9999 -9999 -9999 -9999 -9999 -9999 -9999 -9999 -9999 -9999 -9999
767 764 762 779 796 796 799 800 812 814 819 825 826 826 824 824 821 797 814 827 835 833 839 831 827 821 816 809 803 801 796 797 791 773 776 809 836 831 802 792 -9999 -9999 -9999 -9999 823 833 852 868 877 876 875 870 845 833 813 796 781 773 770 766 764 752 742 729 727 745 770 795 818 833 843 -9999 -9999 -9999 -9999 -9999 -9999 -9999 -9999 -9999 -9999 -9999 -9999 -9999
766 772 779 791 800 804 804 807 822 831 831 838 835 828 821 824 824 798 808 820 821 828 833 834 829 820 809 804 806 805 804 802 793 791 796 810 822 820 801 798 -9999 -9999 -9999 -9999 828 839 860 869 873 877 876 869 857 842 827 807 790 780 773 772 772 766 750 739 737 747 762 777 799 811 827 -9999 -9999 -9999 -9999 -9999 -9999 -9999 -9999 -9999 -9999 -9999 -9999 -9999
767 777 790 799 807 810 814 821 831 842 847 848 845 829 819 808 808 803 809 819 822 835 833 832 832 820 810 809 804 806 807 803 804 799 807 808 805 803 795 802 -9999 -9999 -9999 -9999 -9999 838 847 856 863 870 873 871 864 855 840 820 800 787 779 771 770 764 757 748 750 754 756 760 775 794 813 -9999 -9999 -9999 -9999 -9999 -9999 -9999 -9999 -9999 -9999 -9999 -9999 -9999
