Project_folder/Species_1/M_variables/Set_1/bio_12.asc
ncols         249
nrows         150
xllcorner     -108.16666292027
yllcorner     24.666671082377
cellsize      0.16666667535901
NODATA_value  -9999
[rows 38 to 75 of 150, columns 84 to 167 of 249]
769 780 792 803 813 816 824 831 841 847 856 857 853 838 821 809 804 810 809 819 828 827 832 819 819 807 799 807 804 809 812 812 813 807 808 812 801 796 799 -9999 -9999 -9999 -9999 -9999 -9999 840 839 840 853 869 881 883 875 865 847 828 806 790 779 768 763 762 759 757 760 753 757 754 762 783 802 -9999 -9999 -9999 -9999 -9999 -9999 -9999 -9999 -9999 -9999 -9999 -9999 -9999
778 786 798 807 821 826 831 836 842 854 861 864 858 848 835 825 815 816 820 822 830 842 848 838 835 832 828 821 805 811 819 824 823 814 818 822 814 806 811 -9999 -9999 -9999 -9999 -9999 -9999 -9999 844 841 855 874 888 885 885 871 858 834 810 790 778 768 765 761 763 758 758 758 761 760 767 777 794 824 -9999 -9999 -9999 -9999 -9999 -9999 -9999 -9999 -9999 -9999 -9999 -9999
786 790 798 814 829 835 836 838 846 854 868 874 873 866 858 843 835 834 827 838 843 853 862 864 862 852 852 834 830 826 831 833 832 836 843 837 833 828 829 -9999 -9999 -9999 -9999 -9999 -9999 -9999 858 864 878 890 894 894 889 877 863 839 817 793 781 773 769 763 764 766 773 781 777 773 778 781 798 825 -9999 -9999 -9999 -9999 -9999 -9999 -9999 -9999 -9999 -9999 -9999 -9999
801 803 810 825 839 853 843 837 848 857 872 879 877 876 874 863 854 843 836 839 849 858 873 869 868 862 864 856 849 848 846 851 856 866 870 857 852 849 851 852 -9999 -9999 -9999 -9999 -9999 -9999 877 887 906 916 916 910 892 877 865 848 823 795 784 782 774 771 774 780 781 788 790 784 786 791 802 824 -9999 -9999 -9999 -9999 -9999 -9999 -9999 -9999 -9999 -9999 -9999 -9999
819 812 819 829 844 855 852 846 851 862 869 875 876 875 879 874 873 866 866 866 857 867 877 884 876 867 867 875 864 861 856 869 879 895 898 884 873 864 859 864 -9999 -9999 -9999 -9999 -9999 -9999 892 905 928 940 935 914 901 882 870 854 829 801 788 787 785 782 781 784 788 794 794 796 798 800 808 -9999 -9999 -9999 -9999 -9999 -9999 -9999 -9999 -9999 -9999 -9999 -9999 -9999
827 820 825 835 847 852 850 854 858 865 872 870 872 872 876 882 881 874 875 881 894 883 881 890 887 885 871 877 880 875 877 887 895 906 907 898 890 877 869 874 -9999 -9999 -9999 -9999 -9999 -9999 905 915 943 959 941 923 912 895 877 861 840 817 801 799 801 798 798 796 791 800 815 819 820 -9999 -9999 -9999 -9999 -9999 -9999 -9999 -9999 -9999 -9999 -9999 -9999 -9999 -9999 -9999
832 833 835 837 850 852 850 857 862 869 872 870 865 868 875 884 889 882 880 886 896 899 883 883 897 895 888 885 889 899 905 903 903 908 914 905 901 890 883 889 -9999 -9999 -9999 -9999 -9999 922 925 935 951 952 941 919 909 902 886 874 860 836 820 820 822 823 821 801 800 815 833 848 844 -9999 -9999 -9999 -9999 -9999 -9999 -9999 -9999 -9999 -9999 -9999 -9999 -9999 -9999 1007
830 843 842 841 848 858 855 859 869 877 879 879 871 869 877 891 897 899 898 894 889 890 886 892 899 911 909 907 905 912 916 916 917 921 925 918 914 904 903 900 -9999 -9999 -9999 -9999 936 941 947 951 958 950 935 915 907 900 891 887 882 874 854 847 843 837 827 817 815 823 841 -9999 -9999 -9999 -9999 -9999 -9999 -9999 -9999 -9999 -9999 -9999 -9999 -9999 986 998 1011 1029
826 840 842 841 849 860 864 870 877 884 885 886 883 878 879 893 906 914 916 902 890 887 886 898 901 917 910 912 910 918 920 926 928 930 929 925 925 919 914 915 919 -9999 -9999 948 959 966 968 967 964 951 930 909 907 902 900 899 907 900 879 864 855 845 833 830 830 834 846 -9999 -9999 -9999 -9999 -9999 -9999 -9999 -9999 -9999 -9999 955 970 985 1002 1025 1047 1090
828 833 831 837 854 866 871 878 891 892 892 892 890 889 886 900 916 926 926 909 890 880 885 896 910 915 912 909 915 920 925 929 927 923 925 931 932 934 929 931 929 934 947 965 984 991 986 979 966 947 930 916 916 912 910 912 903 892 877 865 858 849 841 838 838 840 847 -9999 -9999 -9999 -9999 -9999 -9999 -9999 -9999 929 939 967 1010 1017 1033 1053 1070 1104
838 837 836 843 872 896 899 890 893 893 893 892 894 894 895 903 916 920 917 906 892 879 890 902 911 914 911 910 921 925 923 919 919 921 928 928 934 945 945 943 943 943 961 984 1007 997 984 982 969 950 939 935 927 922 915 905 890 878 866 865 866 854 842 842 845 846 850 852 857 870 878 887 894 906 917 940 982 1047 1061 1019 1027 1037 1054 1086
852 848 848 860 896 949 965 923 902 894 890 889 892 895 897 908 914 915 907 902 897 899 911 917 920 914 913 913 912 914 919 919 920 921 917 927 936 952 962 965 968 962 969 977 985 982 983 980 977 972 962 949 942 927 907 893 882 866 864 872 867 858 849 847 857 860 865 870 876 883 890 897 906 923 942 963 997 1033 1030 985 987 1002 1023 1065
867 862 866 880 918 977 1014 950 913 898 890 887 891 895 897 906 921 911 894 896 902 913 923 924 930 926 923 923 909 913 924 924 920 916 914 924 935 952 966 972 976 966 957 962 970 974 976 979 983 994 985 969 947 928 905 886 869 866 870 876 874 866 859 863 872 883 889 899 903 912 919 915 921 934 959 961 981 1002 987 955 948 975 999 1041
875 877 883 894 918 953 969 944 917 898 894 897 903 905 904 913 918 910 893 889 905 917 925 931 932 927 925 930 919 925 925 919 916 914 910 918 932 947 961 970 970 967 962 959 962 962 968 972 984 994 985 967 949 930 906 879 862 865 872 876 882 879 880 885 892 902 913 922 926 936 940 941 936 947 956 949 963 969 961 942 937 954 978 1012
875 883 897 905 918 930 938 926 914 908 905 907 914 922 921 920 921 911 898 902 918 925 928 930 934 933 932 931 927 937 929 918 906 903 904 910 924 943 961 965 965 962 959 952 953 955 963 969 973 975 975 963 948 932 908 883 874 878 878 882 885 889 891 896 902 908 926 939 947 954 964 962 954 950 942 945 956 959 956 955 947 955 960 984
887 892 905 913 924 930 930 917 914 918 919 923 929 938 940 940 936 920 904 917 926 927 924 930 939 940 930 926 946 945 934 924 910 903 902 903 914 937 958 963 962 960 956 951 950 956 959 955 960 966 971 961 949 933 920 904 894 893 891 890 900 904 906 909 908 917 936 950 970 979 980 977 962 952 956 951 953 958 962 965 957 953 957 959
896 907 910 925 945 956 949 933 927 929 927 929 937 950 954 957 942 933 924 930 932 930 930 939 957 947 930 932 951 951 945 934 926 919 916 914 919 935 948 958 967 963 952 945 947 955 959 961 967 972 973 961 949 936 931 922 909 897 889 899 909 912 913 918 913 923 944 961 990 996 999 989 983 967 969 964 966 966 971 971 967 964 963 950
902 907 911 935 975 1010 1011 981 953 937 932 932 940 952 967 962 944 937 928 930 931 939 944 947 950 940 928 933 949 952 953 955 948 940 928 923 928 942 956 968 975 969 954 947 953 972 977 982 984 982 977 963 951 943 936 932 923 913 909 918 925 921 934 932 925 928 947 967 1000 1009 1009 1003 995 975 970 976 971 973 979 988 991 985 988 971
902 909 909 939 1000 1074 1114 1045 980 944 935 939 943 948 963 973 961 944 936 935 941 952 957 951 941 931 923 923 941 953 962 969 964 957 949 940 938 954 971 988 991 984 987 983 986 995 1000 998 996 989 986 976 963 953 949 949 941 935 931 936 945 945 947 947 933 938 953 973 1001 1016 1017 1018 1003 988 975 974 975 973 989 1004 1005 1004 1011 999
902 910 919 940 998 1069 1107 1060 994 949 942 951 951 944 959 969 965 958 947 947 950 962 958 950 943 929 918 919 932 948 968 980 981 978 970 970 963 968 987 1003 1006 1016 1024 1026 1022 1021 1020 1012 998 995 997 993 989 984 984 977 963 953 946 947 959 972 963 965 947 947 954 969 999 1017 1023 1015 997 986 984 975 963 984 1020 1026 1026 1039 1040 1020
917 913 925 940 979 1022 1045 1034 1003 979 969 966 961 954 963 969 966 966 957 953 953 948 951 957 944 929 914 917 932 947 968 983 988 988 988 985 982 986 999 1014 1022 1043 1051 1055 1049 1042 1032 1017 1011 1020 1022 1026 1020 1019 1008 1003 995 981 972 961 960 972 978 982 965 958 951 956 981 1003 1022 1023 999 978 983 982 977 1014 1049 1057 1057 1072 1067 1046
929 931 930 937 959 983 1002 1013 1009 1003 1000 986 978 978 984 980 964 962 961 955 944 936 946 946 943 931 918 921 936 951 967 983 989 993 994 994 993 998 1011 1019 1033 1056 1066 1074 1069 1057 1036 1017 1019 1029 1039 1043 1042 1041 1026 1024 1022 1006 992 981 975 986 995 993 982 970 958 956 981 996 1020 1029 1011 1003 1000 996 1007 1038 1064 1083 1096 1108 1104 1077
956 954 949 955 963 967 989 1006 1011 1010 1005 992 986 990 999 988 972 960 955 955 943 931 932 941 943 940 938 938 947 962 970 985 987 992 996 1001 1005 1016 1025 1030 1029 1045 1072 1080 1079 1063 1048 1031 1032 1031 1035 1050 1056 1052 1045 1042 1036 1024 1009 1011 1009 1011 1017 1010 999 985 973 978 1004 1017 1021 1021 1021 1025 1015 1007 1018 1047 1073 1094 1117 1135 1128 1105
972 970 968 975 976 974 983 1001 1010 1008 1000 989 985 988 993 994 981 968 960 950 948 933 928 935 945 947 953 955 962 972 985 986 991 996 1002 1009 1013 1022 1025 1027 1030 1051 1071 1091 1094 1076 1059 1055 1049 1036 1042 1056 1070 1067 1058 1058 1048 1032 1032 1039 1042 1041 1043 1034 1019 1006 997 1001 1020 1030 1028 1017 1020 1026 1021 1014 1023 1061 1088 1117 1137 1155 1140 1111
981 978 978 981 978 979 989 995 1007 1003 993 982 979 986 994 994 987 972 967 959 951 945 940 943 952 957 964 968 974 979 983 986 995 1003 1009 1012 1021 1027 1033 1032 1046 1061 1078 1100 1106 1096 1088 1078 1073 1053 1059 1073 1082 1086 1082 1072 1057 1054 1054 1068 1069 1068 1068 1061 1041 1034 1024 1011 1022 1037 1032 1025 1030 1034 1031 1024 1053 1086 1108 1138 1162 1179 1158 1144
991 1003 1000 995 993 986 988 997 1001 996 987 981 980 987 993 995 985 968 961 965 956 956 957 962 968 968 970 968 971 973 977 991 1004 1010 1018 1023 1030 1036 1047 1050 1061 1076 1092 1109 1123 1120 1103 1099 1093 1082 1085 1091 1102 1104 1097 1077 1075 1063 1061 1081 1086 1090 1089 1080 1060 1055 1030 1023 1038 1042 1042 1038 1042 1050 1060 1078 1083 1111 1131 1159 1182 1216 1210 1212
1011 1020 1017 1010 1001 1001 998 1005 1012 997 982 978 980 982 990 991 991 972 961 960 957 956 958 963 965 966 965 964 964 969 980 1003 1016 1021 1031 1037 1042 1054 1069 1076 1080 1088 1102 1127 1143 1128 1120 1124 1106 1104 1104 1112 1123 1123 1108 1098 1083 1085 1079 1091 1104 1107 1105 1090 1071 1067 1044 1044 1048 1057 1054 1049 1047 1067 1089 1111 1116 1133 1157 1177 1197 1226 1258 1283
1016 1027 1024 1011 1010 1015 1009 1013 1012 996 980 976 978 981 989 994 991 981 968 969 967 965 964 962 958 963 960 965 972 983 1002 1021 1033 1040 1046 1054 1069 1080 1086 1094 1101 1102 1117 1137 1149 1150 1136 1133 1125 1116 1118 1130 1138 1125 1118 1107 1099 1102 1096 1103 1110 1114 1113 1101 1089 1089 1062 1045 1061 1078 1076 1059 1064 1078 1105 1120 1134 1153 1177 1201 1230 1246 1328 1421
1025 1035 1035 1030 1030 1035 1030 1028 1019 1000 992 980 979 987 994 996 1001 990 984 983 979 986 985 964 961 960 961 972 986 1007 1026 1038 1047 1057 1062 1068 1088 1097 1101 1108 1115 1115 1130 1142 1159 1163 1161 1160 1153 1150 1133 1142 1145 1146 1133 1132 1121 1113 1108 1112 1125 1131 1127 1117 1107 1091 1082 1062 1065 1082 1086 1079 1078 1084 1106 1120 1137 1159 1186 1204 1251 1318 1374 1495
1035 1035 1042 1041 1045 1050 1054 1049 1037 1022 1009 999 999 1001 999 1003 1009 1008 1007 999 997 999 998 985 986 976 978 993 1007 1028 1045 1055 1061 1066 1081 1088 1097 1099 1107 1119 1124 1134 1137 1147 1162 1173 1175 1163 1157 1153 1131 1147 1160 1168 1158 1138 1130 1127 1120 1127 1135 1139 1145 1144 1141 1117 1095 1075 1077 1080 1087 1093 1099 1102 1103 1116 1138 1162 1181 1226 1303 1349 1392 1467
1047 1042 1045 1046 1048 1052 1054 1053 1040 1030 1024 1021 1027 1019 1008 1012 1015 1024 1027 1021 1016 1012 1005 1012 1013 1006 1015 1027 1034 1046 1056 1064 1077 1078 1084 1089 1095 1098 1111 1121 1128 1145 1148 1152 1167 1182 1173 1166 1157 1153 1131 1158 1170 1172 1171 1145 1134 1129 1134 1139 1155 1164 1161 1161 1158 1141 1109 1090 1094 1092 1107 1122 1130 1137 1137 1145 1158 1162 1172 1201 1260 1308 1392 1414
1050 1051 1054 1052 1050 1054 1059 1061 1056 1050 1049 1048 1050 1033 1019 1020 1027 1034 1042 1044 1037 1032 1036 1031 1032 1037 1050 1056 1061 1065 1076 1083 1093 1099 1099 1096 1099 1110 1115 1116 1122 1140 1150 1162 1175 1188 1178 1173 1164 1155 1159 1175 1184 1184 1182 1166 1156 1148 1154 1162 1176 1187 1193 1187 1177 1156 1128 1117 1112 1113 1132 1148 1157 1169 1177 1175 1172 1153 1146 1182 1241 1302 1265 1187
1068 1064 1057 1058 1055 1051 1062 1068 1070 1064 1063 1066 1063 1050 1044 1037 1039 1043 1053 1062 1061 1063 1074 1069 1060 1059 1077 1093 1092 1095 1098 1108 1117 1120 1116 1118 1118 1123 1124 1122 1126 1140 1155 1171 1194 1197 1202 1194 1181 1177 1189 1213 1214 1207 1202 1192 1181 1181 1175 1173 1180 1193 1221 1224 1189 1161 1147 1131 1131 1139 1146 1168 1175 1194 1202 1198 1174 1133 1104 1156 1162 1128 1068 1096
1084 1074 1068 1070 1066 1065 1072 1070 1070 1064 1067 1076 1073 1069 1062 1056 1055 1063 1073 1081 1081 1096 1105 1108 1094 1089 1103 1119 1129 1126 1132 1140 1147 1144 1144 1142 1139 1144 1146 1145 1147 1150 1164 1188 1217 1225 1232 1227 1222 1228 1234 1237 1242 1232 1232 1223 1208 1198 1190 1190 1189 1209 1227 1223 1201 1180 1151 1143 1137 1152 1150 1166 1191 1192 1202 1189 1143 1091 1077 1052 1054 1004 1013 1050
1092 1086 1075 1074 1078 1080 1080 1078 1073 1069 1071 1080 1080 1079 1077 1071 1072 1078 1093 1107 1119 1123 1121 1129 1133 1130 1140 1152 1164 1176 1177 1181 1183 1190 1192 1184 1173 1172 1176 1173 1171 1172 1187 1207 1230 1252 1258 1249 1254 1259 1278 1277 1274 1274 1276 1274 1250 1232 1223 1217 1223 1223 1220 1209 1196 1184 1169 1151 1139 1142 1156 1168 1175 1173 1164 1143 1095 1066 1043 980 955 970 1012 1033
1096 1089 1082 1082 1078 1082 1088 1083 1078 1078 1075 1087 1087 1085 1084 1078 1083 1093 1111 1136 1134 1138 1140 1151 1159 1165 1168 1183 1178 1196 1189 1195 1199 1212 1213 1208 1212 1203 1198 1204 1196 1197 1210 1222 1250 1281 1290 1277 1278 1291 1303 1315 1316 1316 1319 1311 1296 1283 1267 1259 1252 1243 1225 1223 1204 1195 1179 1160 1143 1143 1148 1162 1162 1151 1130 1098 1065 1031 983 957 946 1045 1018 1014
1096 1099 1090 1084 1082 1091 1098 1098 1097 1088 1082 1092 1089 1094 1095 1093 1102 1114 1131 1141 1141 1145 1157 1171 1183 1183 1185 1186 1198 1201 1203 1207 1216 1230 1234 1236 1242 1237 1225 1224 1220 1229 1235 1240 1253 1274 1282 1290 1305 1309 1310 1318 1324 1330 1328 1319 1312 1295 1279 1265 1242 1243 1240 1245 1232 1211 1188 1162 1159 1158 1154 1151 1149 1150 1133 1089 1074 1022 986 987 963 957 991 1013
1094 1098 1100 1097 1089 1094 1107 1111 1103 1088 1087 1090 1097 1106 1104 1109 1121 1137 1147 1157 1156 1168 1179 1194 1195 1192 1191 1202 1207 1213 1223 1235 1238 1241 1252 1256 1259 1257 1247 1242 1243 1249 1261 1259 1266 1272 1277 1293 1311 1322 1333 1333 1335 1332 1336 1321 1303 1289 1279 1261 1244 1256 1263 1270 1262 1250 1214 1177 1197 1167 1158 1157 1155 1150 1134 1123 1120 1064 1014 984 967 985 1034 1081
