Project_folder/Species_1/M_variables/Set_1/bio_6.asc
ncols         249
nrows         150
xllcorner     -108.16666292027
yllcorner     24.666671082377
cellsize      0.16666667535901
NODATA_value  -9999
[rows 0 to 38 of 150, columns 0 to 88 of 249]
-9999 -9999 -9999 -9999 -9999 -9999 -9999 -9999 -9999 -9999 -9999 -9999 -9999 -9999 -9999 -9999 -9999 -9999 -9999 -9999 -9999 -9999 -9999 -9999 -9999 -9999 -9999 -9999 -9999 -9999 -9999 -9999 -9999 -9999 -9999 -9999 -9999 -9999 -9999 -9999 -9999 -9999 -9999 -9999 -9999 -9999 -9999 -9999 -9999 -9999 -9999 -9999 -9999 -9999 -9999 -9999 -9999 -9999 -9999 -9999 -9999 -9999 -9999 -9999 -9999 -9999 -9999 -9999 -9999 -9999 -9999 -9999 -9999 -9999 -9999 -9999 -9999 -9999 -9999 -9999 -9999 -9999 -9999 -9999 -9999 -9999 -9999 -9999 -9999
-9999 -9999 -9999 -9999 -9999 -9999 -9999 -9999 -9999 -9999 -9999 -9999 -9999 -9999 -9999 -9999 -9999 -9999 -9999 -9999 -9999 -9999 -9999 -9999 -9999 -9999 -9999 -9999 -9999 -9999 -9999 -9999 -9999 -9999 -9999 -9999 -9999 -9999 -9999 -9999 -9999 -9999 -9999 -9999 -9999 -9999 -9999 -9999 -9999 -9999 -9999 -9999 -9999 -9999 -9999 -9999 -9999 -9999 -9999 -9999 -9999 -9999 -9999 -9999 -9999 -9999 -9999 -9999 -9999 -9999 -9999 -9999 -9999 -9999 -9999 -9999 -240 -239 -237 -235 -233 -9999 -9999 -9999 -9999 -9999 -9999 -9999 -9999
-9999 -9999 -9999 -9999 -9999 -9999 -9999 -9999 -9999 -9999 -9999 -9999 -9999 -9999 -9999 -9999 -9999 -9999 -9999 -9999 -9999 -9999 -9999 -9999 -9999 -9999 -9999 -9999 -9999 -9999 -9999 -9999 -9999 -9999 -9999 -9999 -9999 -9999 -9999 -9999 -9999 -9999 -9999 -9999 -9999 -9999 -9999 -9999 -9999 -9999 -9999 -9999 -9999 -9999 -9999 -9999 -9999 -9999 -9999 -9999 -9999 -9999 -9999 -9999 -9999 -9999 -9999 -9999 -9999 -9999 -9999 -9999 -9999 -9999 -9999 -9999 -242 -241 -239 -236 -234 -232 -9999 -9999 -9999 -9999 -9999 -9999 -9999
-9999 -9999 -9999 -9999 -9999 -9999 -9999 -9999 -9999 -9999 -9999 -9999 -9999 -9999 -9999 -9999 -9999 -9999 -9999 -9999 -9999 -9999 -9999 -9999 -9999 -9999 -9999 -9999 -9999 -9999 -9999 -9999 -9999 -9999 -9999 -9999 -9999 -9999 -9999 -9999 -218 -218 -216 -217 -220 -222 -225 -227 -229 -229 -227 -224 -221 -221 -223 -224 -226 -225 -225 -223 -219 -218 -220 -222 -224 -225 -227 -230 -232 -234 -236 -238 -240 -242 -243 -244 -244 -242 -240 -238 -235 -234 -9999 -9999 -9999 -9999 -9999 -9999 -9999
-9999 -9999 -9999 -9999 -9999 -9999 -9999 -9999 -9999 -9999 -9999 -9999 -9999 -9999 -9999 -9999 -9999 -9999 -9999 -9999 -9999 -9999 -9999 -9999 -9999 -9999 -9999 -9999 -9999 -9999 -9999 -9999 -9999 -9999 -9999 -9999 -9999 -9999 -9999 -9999 -214 -213 -212 -215 -219 -221 -223 -225 -226 -228 -227 -222 -219 -219 -221 -223 -224 -226 -226 -225 -222 -219 -219 -221 -222 -225 -226 -228 -231 -234 -236 -238 -239 -242 -244 -244 -244 -243 -241 -238 -236 -235 -233 -9999 -9999 -9999 -9999 -9999 -9999
-9999 -9999 -9999 -9999 -9999 -9999 -9999 -9999 -9999 -9999 -9999 -9999 -9999 -9999 -9999 -9999 -9999 -9999 -9999 -9999 -9999 -9999 -9999 -9999 -9999 -9999 -9999 -9999 -9999 -9999 -9999 -9999 -9999 -9999 -9999 -9999 -9999 -9999 -9999 -210 -209 -208 -210 -215 -221 -221 -221 -222 -222 -223 -224 -221 -219 -218 -219 -221 -223 -225 -227 -227 -224 -219 -217 -218 -220 -222 -224 -227 -230 -234 -236 -237 -238 -241 -243 -243 -243 -242 -240 -238 -237 -235 -234 -232 -231 -229 -227 -224 -222
-9999 -9999 -9999 -9999 -9999 -9999 -9999 -9999 -9999 -9999 -9999 -9999 -9999 -9999 -9999 -9999 -9999 -9999 -9999 -9999 -9999 -9999 -9999 -9999 -9999 -9999 -9999 -9999 -9999 -9999 -9999 -9999 -9999 -9999 -9999 -9999 -9999 -9999 -9999 -206 -204 -203 -206 -212 -220 -221 -221 -220 -217 -217 -218 -219 -218 -218 -218 -219 -221 -223 -225 -225 -222 -216 -212 -214 -217 -220 -223 -226 -230 -233 -235 -234 -235 -237 -240 -240 -240 -240 -239 -237 -236 -235 -234 -233 -232 -231 -228 -225 -223
-9999 -9999 -9999 -9999 -9999 -9999 -9999 -9999 -9999 -9999 -9999 -9999 -9999 -9999 -9999 -9999 -9999 -9999 -9999 -9999 -9999 -9999 -9999 -9999 -9999 -9999 -9999 -9999 -9999 -9999 -9999 -9999 -9999 -9999 -9999 -9999 -9999 -9999 -9999 -203 -198 -195 -200 -205 -211 -215 -216 -214 -210 -210 -213 -216 -217 -216 -216 -216 -218 -220 -222 -222 -220 -213 -207 -210 -215 -218 -221 -225 -229 -231 -231 -231 -230 -231 -234 -235 -236 -236 -235 -234 -233 -233 -233 -233 -233 -233 -232 -229 -227
-9999 -9999 -9999 -9999 -9999 -9999 -9999 -9999 -9999 -9999 -9999 -9999 -9999 -9999 -9999 -9999 -9999 -9999 -9999 -9999 -9999 -9999 -9999 -9999 -9999 -9999 -9999 -9999 -9999 -9999 -9999 -9999 -9999 -9999 -9999 -9999 -9999 -9999 -201 -199 -194 -192 -196 -200 -203 -206 -208 -207 -205 -205 -209 -213 -215 -214 -213 -213 -215 -217 -219 -220 -219 -214 -208 -208 -212 -215 -218 -222 -226 -227 -227 -226 -225 -225 -228 -230 -231 -232 -232 -232 -231 -230 -231 -232 -234 -236 -236 -233 -230
-9999 -9999 -9999 -9999 -9999 -9999 -9999 -9999 -9999 -9999 -9999 -9999 -9999 -9999 -9999 -9999 -9999 -9999 -9999 -9999 -9999 -9999 -9999 -9999 -9999 -9999 -9999 -9999 -9999 -9999 -9999 -9999 -9999 -9999 -9999 -9999 -9999 -9999 -197 -197 -196 -195 -196 -199 -197 -198 -200 -201 -201 -203 -206 -209 -211 -210 -210 -209 -212 -215 -217 -218 -219 -217 -210 -209 -212 -212 -214 -218 -222 -223 -223 -221 -221 -221 -223 -226 -227 -228 -229 -229 -229 -228 -229 -231 -234 -237 -237 -235 -231
-9999 -9999 -9999 -9999 -9999 -9999 -9999 -9999 -9999 -9999 -9999 -9999 -9999 -9999 -9999 -9999 -9999 -9999 -9999 -9999 -9999 -9999 -9999 -9999 -9999 -9999 -9999 -9999 -9999 -9999 -9999 -9999 -9999 -9999 -9999 -9999 -9999 -9999 -194 -195 -197 -197 -196 -195 -191 -190 -194 -197 -199 -200 -202 -204 -206 -207 -207 -209 -211 -214 -214 -215 -216 -215 -210 -209 -211 -210 -210 -214 -219 -221 -219 -217 -217 -218 -220 -222 -224 -225 -226 -227 -228 -227 -228 -231 -234 -236 -237 -236 -232
-9999 -9999 -9999 -9999 -9999 -9999 -9999 -9999 -9999 -9999 -9999 -9999 -9999 -9999 -9999 -9999 -9999 -9999 -9999 -9999 -9999 -9999 -9999 -9999 -9999 -9999 -9999 -9999 -9999 -9999 -9999 -9999 -9999 -9999 -9999 -9999 -9999 -189 -191 -193 -195 -195 -193 -191 -188 -187 -190 -194 -197 -198 -198 -199 -201 -203 -205 -208 -212 -214 -213 -210 -210 -212 -210 -209 -210 -209 -209 -211 -215 -218 -217 -215 -215 -216 -218 -220 -222 -224 -226 -228 -228 -228 -228 -229 -231 -235 -238 -236 -232
-9999 -9999 -9999 -9999 -9999 -9999 -9999 -9999 -9999 -9999 -9999 -9999 -9999 -9999 -9999 -9999 -9999 -9999 -9999 -9999 -9999 -9999 -9999 -9999 -9999 -9999 -9999 -9999 -9999 -9999 -9999 -9999 -9999 -9999 -9999 -9999 -9999 -185 -186 -188 -190 -189 -189 -190 -189 -188 -190 -195 -198 -199 -197 -196 -198 -200 -202 -205 -211 -215 -212 -208 -207 -209 -209 -208 -209 -209 -206 -208 -211 -213 -214 -214 -215 -215 -217 -220 -222 -224 -226 -227 -229 -228 -226 -225 -227 -231 -236 -235 -229
-9999 -9999 -9999 -9999 -9999 -9999 -9999 -9999 -9999 -9999 -9999 -9999 -9999 -9999 -9999 -9999 -9999 -9999 -9999 -9999 -9999 -9999 -9999 -9999 -9999 -9999 -9999 -9999 -9999 -9999 -9999 -9999 -9999 -9999 -9999 -9999 -9999 -181 -182 -184 -185 -186 -187 -190 -190 -189 -192 -197 -201 -202 -200 -198 -197 -198 -198 -201 -206 -209 -208 -206 -205 -207 -207 -207 -207 -206 -203 -204 -207 -210 -212 -213 -214 -215 -217 -219 -221 -223 -224 -226 -228 -228 -223 -220 -221 -226 -228 -227 -224
-9999 -9999 -9999 -9999 -9999 -9999 -9999 -9999 -9999 -9999 -9999 -9999 -9999 -9999 -9999 -9999 -9999 -9999 -9999 -9999 -9999 -9999 -9999 -9999 -9999 -9999 -9999 -9999 -9999 -9999 -9999 -9999 -9999 -9999 -9999 -9999 -9999 -177 -177 -181 -184 -186 -189 -190 -190 -191 -194 -197 -202 -202 -200 -199 -198 -198 -196 -197 -200 -204 -206 -206 -206 -206 -205 -205 -205 -203 -201 -202 -204 -207 -210 -213 -214 -215 -217 -220 -221 -221 -222 -223 -222 -220 -216 -213 -217 -222 -222 -220 -218
-9999 -9999 -9999 -9999 -9999 -9999 -9999 -9999 -9999 -9999 -9999 -9999 -9999 -9999 -9999 -9999 -9999 -9999 -9999 -9999 -9999 -9999 -9999 -9999 -9999 -9999 -9999 -9999 -9999 -9999 -9999 -9999 -9999 -9999 -9999 -9999 -9999 -176 -177 -180 -183 -187 -188 -188 -190 -192 -194 -197 -199 -198 -197 -197 -197 -196 -195 -195 -198 -201 -203 -205 -207 -207 -205 -204 -203 -201 -200 -200 -201 -205 -210 -214 -215 -216 -218 -219 -220 -220 -220 -219 -216 -211 -210 -211 -215 -221 -221 -217 -214
-9999 -9999 -9999 -9999 -9999 -9999 -9999 -9999 -9999 -9999 -9999 -9999 -9999 -9999 -9999 -9999 -9999 -9999 -9999 -9999 -9999 -9999 -9999 -9999 -9999 -9999 -9999 -9999 -9999 -9999 -9999 -9999 -9999 -9999 -9999 -9999 -9999 -175 -176 -178 -180 -184 -185 -185 -188 -191 -194 -196 -196 -193 -193 -194 -194 -193 -193 -193 -195 -198 -201 -204 -207 -207 -204 -202 -201 -199 -198 -197 -199 -203 -210 -215 -216 -216 -217 -217 -218 -218 -218 -216 -212 -209 -208 -210 -213 -217 -217 -214 -211
-9999 -9999 -9999 -9999 -9999 -9999 -9999 -9999 -9999 -9999 -9999 -9999 -9999 -9999 -9999 -9999 -9999 -9999 -9999 -9999 -9999 -9999 -9999 -9999 -9999 -9999 -9999 -9999 -9999 -9999 -9999 -9999 -9999 -9999 -9999 -9999 -172 -173 -175 -177 -179 -182 -183 -183 -186 -190 -193 -195 -194 -192 -192 -193 -193 -191 -191 -191 -193 -195 -198 -201 -203 -204 -202 -201 -199 -198 -197 -197 -198 -201 -206 -211 -213 -214 -214 -214 -215 -215 -215 -213 -210 -208 -207 -208 -210 -212 -213 -212 -209
-9999 -9999 -9999 -9999 -9999 -9999 -9999 -9999 -9999 -9999 -9999 -9999 -9999 -9999 -9999 -9999 -9999 -9999 -9999 -9999 -9999 -9999 -9999 -9999 -9999 -9999 -9999 -9999 -9999 -9999 -9999 -9999 -9999 -9999 -9999 -9999 -170 -172 -174 -177 -179 -181 -184 -185 -187 -189 -192 -195 -194 -192 -192 -192 -192 -190 -190 -190 -191 -193 -195 -198 -200 -201 -200 -199 -198 -197 -197 -196 -197 -199 -202 -205 -207 -209 -209 -209 -211 -212 -212 -210 -208 -208 -207 -207 -208 -210 -210 -210 -210
-9999 -9999 -9999 -9999 -9999 -9999 -9999 -9999 -9999 -9999 -9999 -9999 -9999 -9999 -9999 -9999 -9999 -9999 -9999 -9999 -9999 -9999 -9999 -9999 -9999 -9999 -9999 -9999 -9999 -9999 -9999 -9999 -9999 -9999 -9999 -9999 -168 -169 -173 -177 -178 -180 -182 -185 -185 -186 -190 -193 -194 -193 -193 -194 -193 -192 -191 -190 -190 -191 -193 -195 -198 -199 -198 -197 -197 -196 -196 -196 -196 -197 -199 -201 -203 -205 -205 -205 -207 -209 -209 -206 -205 -205 -205 -206 -208 -209 -210 -212 -212
-9999 -9999 -9999 -9999 -9999 -9999 -9999 -9999 -9999 -9999 -9999 -9999 -9999 -9999 -9999 -9999 -9999 -9999 -9999 -9999 -9999 -9999 -9999 -9999 -9999 -9999 -9999 -9999 -9999 -9999 -9999 -9999 -9999 -9999 -9999 -9999 -164 -166 -169 -172 -174 -176 -179 -181 -180 -181 -185 -190 -192 -192 -194 -196 -196 -194 -192 -190 -189 -189 -192 -195 -198 -199 -199 -197 -196 -195 -194 -194 -194 -196 -198 -200 -201 -203 -203 -203 -204 -204 -204 -202 -201 -201 -202 -203 -205 -207 -209 -212 -212
-9999 -9999 -9999 -9999 -9999 -9999 -9999 -9999 -9999 -9999 -9999 -9999 -9999 -9999 -9999 -9999 -9999 -9999 -9999 -9999 -9999 -9999 -9999 -9999 -9999 -9999 -9999 -9999 -9999 -9999 -9999 -9999 -9999 -9999 -9999 -9999 -160 -162 -165 -168 -169 -171 -175 -177 -175 -175 -181 -186 -189 -191 -193 -195 -196 -194 -191 -189 -186 -186 -191 -196 -199 -198 -198 -197 -194 -192 -192 -192 -191 -193 -197 -198 -201 -203 -201 -200 -200 -199 -198 -197 -196 -196 -196 -198 -201 -204 -206 -208 -208
-9999 -9999 -9999 -9999 -9999 -9999 -9999 -9999 -9999 -9999 -9999 -9999 -9999 -9999 -9999 -9999 -9999 -9999 -9999 -9999 -9999 -9999 -9999 -9999 -9999 -9999 -9999 -9999 -9999 -9999 -9999 -9999 -9999 -9999 -9999 -9999 -157 -160 -163 -164 -165 -167 -170 -173 -175 -174 -177 -182 -185 -188 -190 -192 -193 -191 -188 -185 -183 -185 -191 -195 -196 -195 -194 -193 -192 -188 -186 -186 -185 -185 -188 -192 -197 -200 -198 -196 -195 -194 -193 -192 -191 -190 -191 -192 -196 -200 -202 -203 -202
-9999 -9999 -9999 -9999 -9999 -9999 -9999 -9999 -9999 -9999 -9999 -9999 -9999 -9999 -9999 -9999 -9999 -9999 -9999 -9999 -9999 -9999 -9999 -9999 -9999 -9999 -9999 -9999 -9999 -9999 -9999 -9999 -9999 -9999 -9999 -9999 -158 -160 -162 -162 -162 -163 -166 -169 -171 -172 -174 -178 -181 -184 -185 -187 -187 -186 -184 -180 -181 -185 -191 -195 -194 -191 -189 -189 -189 -186 -180 -179 -179 -179 -180 -186 -190 -192 -192 -191 -190 -190 -189 -188 -187 -186 -185 -187 -191 -194 -195 -195 -194
-9999 -9999 -9999 -9999 -9999 -9999 -9999 -9999 -9999 -9999 -9999 -9999 -9999 -9999 -9999 -9999 -9999 -9999 -9999 -9999 -9999 -9999 -9999 -9999 -9999 -9999 -9999 -9999 -9999 -9999 -9999 -9999 -9999 -9999 -9999 -9999 -160 -161 -161 -162 -161 -161 -162 -164 -166 -166 -168 -173 -177 -180 -182 -183 -183 -182 -180 -179 -180 -184 -188 -191 -190 -188 -187 -186 -184 -184 -180 -176 -176 -177 -178 -181 -184 -185 -185 -185 -185 -186 -186 -185 -184 -182 -180 -183 -186 -188 -187 -187 -186
-9999 -9999 -9999 -9999 -9999 -9999 -9999 -9999 -9999 -9999 -9999 -9999 -9999 -9999 -9999 -9999 -9999 -9999 -9999 -9999 -9999 -9999 -9999 -9999 -9999 -9999 -9999 -9999 -9999 -9999 -9999 -9999 -9999 -9999 -9999 -9999 -161 -161 -162 -161 -160 -160 -159 -160 -162 -163 -165 -169 -174 -178 -179 -179 -179 -178 -178 -178 -179 -182 -185 -187 -187 -186 -184 -182 -182 -182 -183 -177 -176 -176 -177 -178 -180 -182 -181 -180 -182 -183 -184 -183 -181 -179 -178 -180 -181 -181 -180 -179 -178
-9999 -9999 -9999 -9999 -9999 -9999 -9999 -9999 -9999 -9999 -9999 -9999 -9999 -9999 -9999 -9999 -9999 -9999 -9999 -9999 -9999 -9999 -9999 -9999 -9999 -9999 -9999 -9999 -9999 -9999 -9999 -9999 -9999 -9999 -9999 -9999 -160 -158 -159 -159 -159 -158 -157 -157 -158 -159 -162 -165 -170 -174 -175 -176 -175 -174 -173 -175 -178 -181 -183 -184 -184 -184 -182 -180 -180 -182 -184 -181 -177 -176 -175 -175 -178 -180 -180 -178 -180 -182 -182 -181 -179 -177 -176 -177 -177 -176 -174 -173 -171
-9999 -9999 -9999 -9999 -9999 -9999 -9999 -9999 -9999 -9999 -9999 -9999 -9999 -9999 -9999 -9999 -9999 -9999 -9999 -9999 -9999 -9999 -9999 -9999 -9999 -9999 -9999 -9999 -9999 -9999 -9999 -9999 -9999 -9999 -160 -159 -153 -153 -155 -158 -159 -157 -156 -155 -155 -156 -157 -161 -167 -172 -173 -173 -172 -169 -168 -172 -175 -179 -183 -183 -182 -181 -180 -180 -180 -181 -183 -182 -178 -175 -173 -173 -175 -179 -179 -178 -179 -180 -182 -181 -179 -176 -176 -177 -176 -173 -172 -170 -167
-9999 -9999 -9999 -9999 -9999 -9999 -9999 -9999 -9999 -9999 -9999 -9999 -9999 -9999 -9999 -9999 -9999 -9999 -9999 -9999 -9999 -9999 -9999 -9999 -9999 -9999 -9999 -9999 -9999 -9999 -9999 -9999 -153 -153 -153 -152 -149 -149 -152 -156 -158 -155 -152 -150 -150 -151 -152 -157 -163 -168 -171 -171 -170 -169 -167 -169 -173 -177 -181 -181 -179 -178 -178 -178 -179 -181 -183 -183 -178 -174 -172 -170 -172 -174 -176 -176 -177 -178 -180 -180 -178 -178 -178 -178 -176 -175 -173 -170 -166
-9999 -9999 -9999 -9999 -9999 -9999 -9999 -9999 -9999 -9999 -9999 -9999 -9999 -9999 -9999 -9999 -9999 -9999 -9999 -9999 -9999 -9999 -9999 -9999 -9999 -9999 -9999 -9999 -9999 -9999 -9999 -145 -146 -147 -148 -147 -146 -147 -149 -151 -152 -149 -148 -146 -145 -145 -148 -152 -158 -165 -169 -170 -169 -167 -166 -167 -169 -172 -175 -176 -175 -174 -175 -175 -178 -181 -186 -184 -177 -173 -172 -170 -169 -169 -171 -172 -173 -175 -176 -177 -177 -177 -178 -177 -176 -176 -176 -175 -170
-9999 -9999 -9999 -9999 -9999 -9999 -9999 -9999 -9999 -9999 -9999 -9999 -9999 -9999 -9999 -9999 -9999 -9999 -9999 -9999 -9999 -9999 -9999 -9999 -9999 -9999 -9999 -9999 -9999 -9999 -136 -138 -140 -141 -143 -143 -143 -144 -144 -144 -144 -144 -144 -143 -142 -141 -142 -148 -157 -165 -170 -170 -168 -166 -165 -164 -165 -166 -168 -169 -170 -170 -170 -171 -175 -179 -183 -183 -179 -175 -172 -169 -166 -165 -166 -168 -171 -171 -171 -173 -174 -174 -174 -174 -174 -176 -178 -179 -175
-9999 -9999 -9999 -9999 -9999 -9999 -9999 -9999 -9999 -9999 -9999 -9999 -9999 -9999 -9999 -9999 -9999 -9999 -9999 -9999 -9999 -9999 -9999 -9999 -9999 -9999 -9999 -9999 -118 -124 -129 -132 -135 -137 -139 -140 -140 -141 -141 -140 -140 -141 -141 -141 -140 -138 -139 -146 -157 -167 -173 -172 -169 -167 -165 -162 -161 -160 -161 -163 -165 -166 -166 -166 -170 -176 -180 -181 -180 -177 -173 -167 -163 -162 -163 -167 -169 -170 -170 -170 -170 -170 -170 -171 -172 -173 -177 -178 -177
-9999 -9999 -9999 -9999 -9999 -9999 -9999 -9999 -9999 -9999 -9999 -9999 -9999 -9999 -9999 -9999 -9999 -9999 -9999 -9999 -9999 -9999 -9999 -9999 -9999 -9999 -9999 -116 -118 -119 -122 -126 -130 -133 -135 -136 -137 -139 -138 -138 -138 -139 -140 -139 -138 -138 -141 -147 -155 -163 -169 -168 -167 -165 -163 -160 -157 -154 -156 -159 -162 -163 -163 -164 -168 -173 -176 -178 -180 -178 -174 -168 -163 -163 -165 -168 -170 -170 -170 -169 -167 -165 -166 -167 -169 -171 -174 -176 -175
-9999 -9999 -9999 -9999 -9999 -9999 -9999 -9999 -9999 -9999 -9999 -9999 -9999 -9999 -9999 -9999 -9999 -9999 -9999 -9999 -9999 -9999 -9999 -9999 -9999 -9999 -115 -117 -121 -119 -119 -123 -127 -130 -131 -133 -134 -137 -136 -135 -135 -137 -138 -137 -137 -139 -142 -148 -154 -157 -160 -161 -161 -161 -161 -157 -153 -149 -151 -157 -161 -162 -162 -163 -166 -171 -171 -172 -176 -177 -174 -170 -166 -165 -167 -169 -171 -171 -170 -167 -163 -161 -161 -164 -166 -169 -171 -174 -171
-9999 -9999 -9999 -9999 -9999 -9999 -9999 -9999 -9999 -9999 -9999 -9999 -9999 -9999 -9999 -9999 -9999 -9999 -9999 -9999 -9999 -9999 -9999 -9999 -9999 -119 -119 -117 -118 -120 -121 -123 -126 -128 -129 -130 -129 -131 -132 -131 -132 -133 -134 -135 -136 -138 -140 -145 -148 -150 -152 -155 -155 -155 -155 -152 -150 -147 -149 -154 -158 -159 -159 -160 -163 -167 -167 -167 -170 -172 -171 -169 -167 -167 -168 -169 -170 -170 -169 -165 -160 -157 -158 -160 -163 -165 -167 -168 -167
-9999 -9999 -9999 -9999 -9999 -9999 -9999 -9999 -9999 -9999 -9999 -9999 -9999 -9999 -9999 -9999 -9999 -9999 -9999 -9999 -9999 -9999 -9999 -9999 -118 -118 -119 -118 -118 -120 -122 -124 -127 -129 -129 -127 -123 -122 -125 -126 -127 -128 -129 -130 -132 -134 -136 -138 -140 -142 -143 -146 -147 -148 -149 -148 -147 -147 -148 -151 -154 -154 -154 -156 -160 -163 -164 -164 -164 -165 -166 -165 -165 -167 -168 -169 -168 -168 -166 -162 -158 -156 -156 -157 -159 -161 -162 -163 -162
-9999 -9999 -9999 -9999 -9999 -9999 -9999 -9999 -9999 -9999 -9999 -9999 -9999 -9999 -9999 -9999 -9999 -9999 -9999 -9999 -9999 -9999 -9999 -127 -125 -123 -122 -121 -120 -121 -123 -125 -128 -130 -130 -127 -124 -122 -122 -123 -125 -126 -126 -127 -130 -132 -132 -133 -133 -133 -136 -139 -141 -143 -144 -144 -144 -145 -145 -147 -148 -149 -150 -153 -157 -161 -162 -161 -159 -160 -161 -161 -162 -165 -168 -168 -167 -165 -162 -159 -156 -155 -154 -155 -156 -158 -159 -159 -159
-9999 -9999 -9999 -9999 -9999 -9999 -9999 -9999 -9999 -9999 -9999 -9999 -9999 -9999 -9999 -9999 -9999 -9999 -9999 -9999 -9999 -9999 -131 -131 -130 -129 -127 -125 -123 -122 -123 -126 -129 -132 -132 -129 -126 -124 -122 -124 -125 -128 -128 -129 -131 -133 -132 -130 -129 -126 -129 -134 -137 -139 -140 -141 -142 -142 -142 -142 -144 -145 -148 -152 -157 -161 -161 -160 -158 -157 -157 -157 -159 -162 -166 -166 -164 -162 -159 -156 -154 -153 -152 -153 -154 -156 -157 -158 -158
-9999 -9999 -9999 -9999 -9999 -9999 -9999 -9999 -9999 -9999 -9999 -9999 -9999 -9999 -9999 -9999 -9999 -9999 -9999 -9999 -9999 -128 -132 -134 -133 -134 -133 -131 -126 -123 -124 -127 -129 -131 -132 -130 -128 -125 -124 -124 -128 -132 -132 -132 -134 -135 -133 -131 -129 -127 -129 -132 -136 -139 -139 -139 -139 -139 -138 -138 -140 -142 -146 -150 -155 -158 -159 -159 -158 -155 -153 -153 -155 -158 -161 -162 -160 -158 -155 -153 -151 -151 -152 -152 -153 -154 -155 -156 -156
