Project_folder/Species_1/M_variables/Set_1/bio_6.asc
ncols         249
nrows         150
xllcorner     -108.16666292027
yllcorner     24.666671082377
cellsize      0.16666667535901
NODATA_value  -9999
[rows 78 to 116 of 150, columns 0 to 88 of 249]
-9999 -9999 -9999 -9999 -9999 -9999 -9999 -9999 -150 -147 -149 -151 -146 -142 -139 -151 -159 -159 -146 -119 -112 -113 -108 -108 -103 -94 -88 -83 -80 -76 -74 -74 -74 -75 -75 -73 -71 -69 -66 -66 -68 -68 -69 -71 -75 -75 -75 -74 -72 -71 -70 -68 -63 -61 -60 -59 -60 -62 -62 -62 -57 -53 -52 -53 -54 -51 -49 -50 -52 -53 -54 -54 -52 -50 -49 -49 -52 -52 -49 -46 -47 -51 -56 -60 -63 -64 -60 -60 -61
-9999 -9999 -9999 -9999 -9999 -9999 -9999 -9999 -141 -137 -135 -136 -122 -126 -129 -137 -150 -151 -143 -108 -109 -110 -106 -102 -97 -92 -89 -84 -79 -75 -72 -72 -73 -73 -72 -71 -69 -67 -67 -68 -71 -70 -70 -72 -75 -75 -76 -75 -72 -70 -67 -62 -57 -56 -57 -57 -58 -60 -60 -58 -51 -45 -46 -49 -50 -49 -49 -50 -51 -52 -53 -52 -49 -46 -45 -47 -50 -50 -44 -43 -45 -49 -53 -58 -58 -55 -49 -51 -51
-9999 -9999 -9999 -9999 -9999 -9999 -9999 -9999 -138 -120 -108 -103 -102 -109 -123 -134 -144 -139 -127 -110 -106 -105 -101 -97 -93 -90 -87 -83 -78 -74 -72 -72 -72 -71 -71 -69 -68 -67 -68 -70 -73 -69 -68 -69 -71 -73 -75 -76 -72 -69 -66 -61 -57 -55 -55 -57 -58 -59 -56 -53 -48 -42 -43 -45 -45 -46 -48 -49 -50 -51 -52 -52 -48 -42 -42 -44 -45 -45 -41 -40 -42 -47 -51 -53 -51 -48 -45 -45 -44
-9999 -9999 -9999 -9999 -9999 -9999 -9999 -134 -139 -134 -129 -101 -94 -103 -120 -137 -126 -116 -109 -106 -104 -101 -96 -92 -88 -85 -81 -78 -75 -73 -72 -72 -71 -70 -69 -69 -68 -67 -67 -68 -68 -66 -64 -65 -66 -67 -69 -70 -69 -66 -65 -61 -57 -56 -55 -56 -57 -57 -53 -50 -47 -46 -44 -43 -43 -43 -45 -47 -49 -49 -50 -51 -48 -45 -43 -41 -40 -39 -38 -38 -40 -44 -47 -46 -45 -44 -43 -42 -41
-9999 -9999 -9999 -9999 -9999 -9999 -9999 -119 -130 -129 -126 -90 -87 -97 -128 -136 -112 -104 -103 -104 -101 -96 -89 -85 -83 -80 -75 -73 -74 -73 -72 -72 -71 -69 -69 -68 -68 -66 -65 -63 -62 -61 -60 -60 -61 -60 -60 -61 -62 -62 -61 -59 -57 -56 -54 -53 -53 -51 -49 -47 -46 -46 -43 -41 -40 -40 -41 -43 -45 -46 -46 -47 -46 -46 -43 -39 -36 -36 -36 -36 -37 -39 -42 -43 -43 -42 -41 -40 -40
-9999 -9999 -9999 -9999 -9999 -9999 -9999 -102 -99 -109 -94 -77 -80 -96 -117 -120 -105 -100 -100 -101 -98 -92 -83 -80 -78 -76 -70 -69 -71 -72 -73 -73 -70 -68 -67 -67 -66 -63 -60 -57 -56 -57 -58 -59 -58 -57 -56 -57 -57 -57 -57 -57 -57 -54 -51 -49 -46 -45 -44 -44 -45 -44 -41 -38 -37 -37 -38 -38 -40 -41 -41 -42 -42 -41 -39 -36 -34 -34 -34 -34 -35 -36 -38 -39 -40 -39 -39 -40 -40
-9999 -9999 -9999 -9999 -9999 -9999 -9999 -78 -72 -75 -68 -70 -74 -90 -100 -103 -100 -103 -98 -96 -93 -85 -75 -72 -73 -70 -66 -63 -65 -67 -70 -70 -67 -65 -64 -63 -62 -60 -57 -55 -54 -56 -58 -58 -55 -54 -53 -54 -55 -54 -54 -54 -54 -51 -47 -44 -41 -40 -42 -42 -43 -42 -39 -35 -33 -33 -35 -36 -36 -36 -36 -36 -37 -36 -34 -32 -31 -32 -32 -32 -32 -32 -33 -35 -36 -37 -37 -39 -40
-9999 -9999 -9999 -9999 -9999 -9999 -9999 -74 -67 -63 -64 -71 -77 -85 -95 -97 -98 -98 -93 -85 -79 -71 -66 -63 -63 -63 -58 -56 -58 -61 -63 -64 -66 -65 -63 -61 -59 -57 -56 -56 -56 -57 -58 -56 -52 -49 -51 -53 -53 -53 -53 -52 -49 -46 -44 -41 -39 -40 -41 -42 -41 -39 -36 -32 -30 -31 -33 -34 -33 -33 -33 -32 -32 -32 -29 -26 -27 -29 -29 -29 -29 -29 -29 -31 -33 -34 -34 -36 -40
-9999 -9999 -9999 -9999 -9999 -9999 -74 -68 -63 -59 -81 -79 -85 -91 -95 -95 -92 -84 -76 -70 -68 -64 -61 -61 -62 -56 -51 -51 -53 -57 -60 -63 -66 -66 -65 -62 -59 -56 -56 -57 -59 -59 -58 -55 -50 -46 -49 -52 -51 -51 -51 -49 -46 -44 -42 -41 -41 -41 -42 -42 -41 -38 -34 -32 -31 -32 -32 -32 -31 -32 -32 -31 -30 -29 -26 -23 -25 -27 -27 -27 -28 -28 -28 -29 -30 -31 -31 -32 -35
-9999 -9999 -9999 -9999 -9999 -9999 -70 -65 -60 -57 -78 -83 -85 -91 -93 -93 -87 -80 -70 -65 -60 -58 -58 -58 -56 -54 -50 -49 -52 -55 -58 -63 -64 -65 -64 -62 -58 -55 -55 -58 -61 -61 -58 -55 -50 -46 -46 -47 -47 -48 -48 -47 -45 -43 -42 -42 -42 -42 -40 -40 -39 -37 -33 -32 -33 -33 -33 -32 -31 -32 -32 -30 -29 -27 -25 -24 -25 -27 -28 -28 -29 -29 -29 -29 -30 -31 -31 -33 -35
-9999 -9999 -9999 -9999 -9999 -72 -70 -68 -65 -63 -77 -85 -84 -87 -90 -89 -84 -76 -68 -62 -55 -54 -57 -59 -60 -55 -53 -54 -58 -58 -59 -61 -63 -64 -64 -62 -58 -56 -56 -57 -59 -61 -57 -56 -51 -46 -43 -40 -42 -44 -45 -44 -44 -42 -41 -43 -44 -41 -35 -35 -36 -35 -34 -34 -34 -33 -33 -33 -32 -32 -31 -29 -28 -26 -25 -24 -25 -27 -29 -31 -34 -34 -32 -30 -30 -31 -33 -35 -36
-9999 -9999 -9999 -9999 -9999 -81 -74 -72 -73 -70 -83 -82 -82 -83 -85 -85 -81 -74 -67 -61 -57 -54 -56 -57 -59 -57 -57 -56 -56 -57 -58 -60 -62 -64 -64 -63 -61 -58 -58 -59 -59 -57 -55 -52 -49 -44 -39 -36 -38 -41 -42 -41 -40 -39 -40 -43 -46 -39 -30 -29 -32 -33 -34 -34 -33 -32 -33 -34 -33 -31 -30 -29 -27 -26 -24 -24 -24 -25 -27 -31 -34 -36 -31 -28 -29 -32 -35 -36 -36
-9999 -9999 -9999 -9999 -84 -81 -74 -75 -75 -73 -83 -79 -78 -78 -80 -80 -77 -72 -66 -60 -56 -56 -57 -56 -56 -55 -55 -55 -54 -54 -56 -59 -61 -64 -65 -65 -61 -58 -57 -58 -60 -58 -52 -48 -44 -40 -36 -34 -35 -38 -39 -38 -37 -36 -39 -40 -40 -34 -26 -27 -30 -32 -33 -32 -31 -31 -33 -34 -32 -30 -28 -28 -27 -25 -24 -22 -22 -22 -23 -26 -30 -31 -29 -26 -28 -32 -36 -38 -36
-9999 -9999 -9999 -9999 -83 -77 -76 -74 -74 -73 -73 -75 -73 -73 -74 -73 -73 -68 -65 -61 -56 -55 -55 -53 -53 -53 -53 -52 -51 -51 -55 -58 -60 -62 -63 -63 -60 -56 -54 -54 -58 -58 -52 -46 -42 -38 -34 -32 -34 -35 -36 -36 -36 -37 -38 -38 -35 -31 -27 -27 -29 -31 -31 -31 -29 -28 -27 -29 -28 -27 -26 -26 -25 -24 -22 -20 -19 -19 -19 -23 -26 -29 -28 -26 -28 -30 -34 -34 -31
-9999 -9999 -9999 -102 -93 -80 -72 -70 -70 -71 -70 -69 -67 -69 -73 -71 -68 -65 -61 -58 -55 -54 -53 -52 -53 -53 -52 -51 -52 -53 -55 -57 -58 -60 -61 -61 -58 -52 -47 -48 -53 -54 -48 -42 -39 -36 -34 -33 -33 -34 -34 -35 -36 -37 -36 -35 -32 -28 -26 -26 -26 -27 -27 -28 -26 -22 -18 -19 -21 -22 -22 -22 -22 -21 -20 -18 -16 -15 -16 -18 -23 -26 -27 -28 -29 -30 -30 -28 -25
-9999 -9999 -9999 -103 -93 -85 -73 -65 -67 -67 -65 -65 -65 -65 -67 -67 -64 -60 -57 -54 -53 -53 -53 -53 -53 -52 -52 -51 -54 -55 -56 -57 -58 -58 -58 -57 -53 -48 -43 -45 -50 -51 -47 -40 -36 -36 -35 -35 -34 -34 -33 -34 -36 -37 -34 -31 -28 -24 -23 -25 -24 -24 -24 -23 -21 -18 -15 -14 -15 -17 -17 -18 -18 -18 -16 -14 -12 -12 -13 -16 -22 -25 -26 -27 -26 -25 -23 -22 -19
-9999 -9999 -9999 -106 -93 -82 -75 -63 -62 -61 -61 -64 -63 -62 -64 -65 -61 -57 -52 -51 -52 -53 -54 -54 -54 -54 -52 -52 -55 -57 -57 -57 -57 -56 -54 -51 -47 -43 -41 -42 -46 -46 -43 -39 -36 -36 -37 -36 -35 -33 -32 -33 -34 -34 -32 -28 -24 -21 -21 -25 -24 -21 -19 -18 -17 -14 -12 -9 -9 -12 -14 -15 -16 -15 -14 -11 -10 -11 -12 -16 -20 -21 -21 -20 -17 -15 -16 -16 -13
-9999 -9999 -105 -99 -92 -66 -59 -58 -58 -56 -60 -61 -59 -59 -65 -64 -60 -55 -51 -50 -51 -53 -56 -56 -56 -55 -55 -56 -57 -58 -58 -58 -56 -54 -51 -46 -40 -37 -38 -39 -39 -38 -38 -37 -36 -37 -38 -37 -34 -32 -30 -30 -31 -32 -29 -25 -21 -19 -20 -23 -21 -17 -15 -15 -14 -12 -8 -6 -3 -7 -11 -13 -14 -14 -13 -12 -11 -10 -10 -12 -15 -16 -15 -12 -7 -5 -9 -13 -9
-9999 -9999 -100 -87 -90 -59 -49 -52 -52 -52 -55 -52 -51 -57 -63 -64 -66 -61 -51 -48 -49 -52 -57 -58 -57 -56 -57 -59 -60 -61 -60 -57 -55 -53 -50 -43 -35 -34 -36 -36 -35 -33 -33 -34 -35 -36 -37 -36 -32 -28 -26 -26 -28 -30 -27 -22 -18 -17 -19 -20 -17 -12 -11 -12 -12 -10 -8 -6 -3 -4 -9 -12 -13 -13 -13 -12 -11 -10 -8 -9 -11 -11 -9 -6 0 1 -3 -8 -8
-9999 -9999 -94 -80 -60 -44 -44 -45 -49 -50 -48 -43 -45 -58 -73 -62 -59 -55 -51 -47 -46 -47 -53 -57 -56 -57 -58 -60 -62 -62 -59 -57 -54 -51 -48 -43 -37 -36 -36 -34 -31 -30 -30 -31 -34 -35 -35 -32 -28 -23 -20 -20 -24 -26 -24 -20 -17 -17 -18 -18 -15 -12 -11 -12 -12 -11 -10 -9 -5 -5 -8 -11 -12 -12 -12 -12 -11 -10 -10 -9 -8 -7 -6 -3 3 5 0 -4 -6
-9999 -100 -86 -65 -43 -32 -36 -43 -54 -52 -41 -38 -36 -50 -63 -64 -59 -56 -52 -47 -43 -42 -47 -52 -53 -54 -56 -58 -61 -60 -56 -54 -51 -48 -45 -42 -39 -39 -37 -33 -29 -27 -27 -28 -31 -32 -31 -28 -24 -19 -15 -16 -20 -23 -23 -20 -19 -21 -20 -18 -14 -11 -11 -12 -12 -10 -9 -6 -3 -3 -8 -11 -10 -11 -11 -11 -11 -11 -11 -9 -5 -4 -4 -3 1 4 2 -1 -3
-9999 -93 -79 -57 -38 -33 -36 -42 -50 -46 -40 -36 -30 -40 -63 -63 -58 -56 -51 -45 -42 -43 -46 -49 -50 -51 -52 -53 -54 -53 -49 -47 -45 -42 -41 -40 -39 -38 -36 -30 -25 -23 -24 -25 -26 -26 -25 -22 -18 -13 -11 -12 -16 -19 -21 -21 -22 -23 -20 -15 -12 -10 -10 -13 -9 -6 -5 -1 0 -2 -7 -9 -9 -10 -10 -10 -10 -10 -10 -6 0 1 -1 -1 3 5 4 1 -1
-9999 -72 -75 -50 -39 -42 -42 -45 -48 -47 -42 -38 -29 -35 -65 -59 -55 -54 -47 -42 -41 -43 -47 -48 -46 -46 -46 -46 -46 -43 -40 -38 -37 -36 -36 -36 -36 -35 -31 -25 -19 -20 -22 -23 -22 -19 -17 -16 -13 -9 -7 -8 -11 -14 -17 -20 -21 -20 -16 -11 -7 -6 -7 -5 -2 0 3 7 5 0 -5 -7 -7 -7 -7 -7 -7 -7 -6 -2 6 6 4 4 7 9 7 3 0
-9999 -52 -57 -48 -43 -44 -47 -49 -51 -48 -43 -41 -32 -34 -62 -57 -51 -49 -44 -39 -37 -39 -45 -43 -40 -39 -39 -40 -39 -34 -29 -29 -29 -29 -30 -31 -33 -33 -27 -19 -14 -16 -19 -20 -19 -16 -13 -11 -9 -6 -4 -5 -7 -9 -14 -18 -19 -17 -13 -7 -2 -2 -3 -1 4 6 9 12 7 1 -2 -3 -3 -2 -2 -3 -3 -4 -4 -1 6 9 9 10 13 14 13 8 3
-9999 -43 -47 -46 -47 -48 -48 -48 -50 -47 -41 -36 -31 -28 -40 -46 -45 -43 -43 -36 -32 -32 -34 -33 -32 -32 -33 -33 -33 -28 -25 -24 -24 -23 -25 -26 -28 -27 -23 -17 -15 -16 -18 -19 -18 -15 -12 -10 -7 -4 -2 -3 -4 -6 -11 -16 -17 -14 -9 -5 -2 -2 -2 -2 0 5 9 9 5 1 0 0 1 2 2 2 1 0 0 2 6 9 11 13 16 18 19 14 7
-42 -41 -42 -44 -47 -46 -45 -42 -41 -42 -34 -30 -28 -29 -32 -33 -36 -34 -36 -35 -27 -22 -22 -22 -23 -25 -27 -28 -28 -26 -23 -22 -21 -20 -20 -21 -23 -22 -19 -17 -17 -17 -18 -18 -18 -16 -14 -12 -8 -4 -2 -3 -3 -3 -9 -16 -16 -12 -7 -3 -2 -3 -3 -2 1 5 8 8 5 3 4 5 6 7 7 7 6 5 4 5 7 11 11 13 15 18 20 16 9
-41 -39 -37 -38 -39 -39 -38 -34 -28 -34 -26 -24 -25 -29 -32 -31 -31 -30 -26 -30 -27 -16 -12 -15 -18 -20 -23 -25 -25 -24 -23 -21 -20 -18 -17 -18 -19 -19 -17 -15 -17 -18 -18 -19 -18 -18 -16 -14 -11 -8 -5 -5 -4 -6 -10 -14 -14 -10 -4 0 -1 -4 -5 -2 1 4 7 7 7 8 10 10 12 13 13 13 13 11 9 7 8 10 10 11 13 14 15 13 9
-37 -35 -33 -36 -33 -33 -31 -27 -23 -20 -18 -19 -23 -30 -32 -33 -31 -28 -24 -28 -30 -15 -10 -12 -15 -18 -20 -21 -22 -23 -22 -21 -20 -18 -17 -16 -16 -18 -18 -19 -21 -21 -20 -19 -19 -20 -18 -15 -12 -9 -8 -7 -5 -6 -10 -13 -11 -8 -3 1 0 -2 -3 -2 1 4 7 8 7 10 14 15 16 17 18 18 18 17 14 11 9 9 8 9 10 11 10 9 8
-35 -32 -32 -31 -29 -30 -27 -22 -19 -16 -14 -15 -22 -31 -32 -33 -32 -27 -23 -27 -23 -13 -11 -12 -14 -17 -18 -19 -20 -21 -22 -22 -21 -20 -17 -14 -15 -17 -21 -25 -28 -25 -20 -20 -21 -21 -18 -14 -11 -9 -10 -10 -5 -5 -7 -9 -8 -7 -4 -1 0 -1 -1 -1 1 6 10 10 9 12 16 17 18 19 20 21 22 22 18 14 11 10 8 7 7 8 7 6 7
-29 -28 -28 -27 -25 -23 -21 -19 -17 -15 -14 -18 -22 -29 -32 -33 -32 -29 -24 -21 -21 -16 -13 -12 -14 -16 -17 -18 -19 -20 -22 -23 -23 -21 -17 -14 -14 -17 -22 -27 -29 -27 -22 -19 -21 -20 -15 -10 -9 -8 -9 -9 -5 -4 -5 -4 -4 -3 -2 -2 -1 0 1 1 4 11 16 16 14 15 17 18 19 19 20 21 22 21 18 17 15 12 10 8 7 6 5 5 7
-9999 -9999 -9999 -9999 -9999 -9999 -9999 -9999 -9999 -9999 -18 -21 -23 -26 -32 -34 -33 -31 -28 -22 -21 -19 -15 -14 -14 -15 -16 -17 -19 -20 -23 -25 -24 -19 -14 -12 -13 -16 -20 -25 -28 -27 -23 -19 -17 -14 -7 -3 -4 -5 -6 -6 -5 -4 -3 -2 0 1 1 0 0 3 4 4 7 14 21 20 18 18 19 18 18 18 19 19 20 20 20 20 19 16 13 10 8 7 6 6 8
-9999 -9999 -9999 -9999 -9999 -9999 -9999 -9999 -9999 -9999 -9999 -21 -23 -25 -29 -34 -34 -33 -31 -28 -20 -20 -17 -15 -14 -14 -15 -16 -18 -20 -23 -26 -24 -17 -9 -7 -10 -13 -18 -22 -24 -23 -18 -13 -8 -4 6 5 0 -3 -5 -5 -5 -4 -2 0 2 5 3 2 4 9 10 9 8 12 19 21 21 21 20 19 17 16 17 17 17 19 21 23 23 20 16 13 11 9 9 9 11
-9999 -9999 -9999 -9999 -9999 -9999 -9999 -9999 -9999 -9999 -9999 -9999 -24 -25 -26 -30 -35 -34 -32 -29 -22 -20 -19 -16 -14 -13 -13 -14 -16 -18 -20 -24 -21 -13 -6 -5 -6 -11 -15 -19 -21 -19 -15 -8 -2 1 6 4 1 -4 -6 -7 -7 -6 -4 -1 1 3 3 4 10 17 18 13 11 14 19 22 24 24 23 21 18 16 18 17 17 19 22 25 27 24 20 16 14 13 12 13 15
-9999 -9999 -9999 -9999 -9999 -9999 -9999 -9999 -9999 -9999 -9999 -9999 -9999 -29 -26 -27 -32 -31 -30 -28 -23 -20 -20 -17 -16 -13 -12 -13 -14 -15 -15 -15 -12 -7 -2 -1 -3 -9 -13 -16 -17 -16 -12 -8 -4 0 1 0 -2 -5 -8 -8 -8 -6 -4 -2 0 1 2 4 12 26 27 15 12 17 21 26 29 29 28 27 25 24 23 20 19 21 23 25 27 25 22 19 17 16 15 17 18
-9999 -9999 -9999 -9999 -9999 -9999 -9999 -9999 -9999 -9999 -9999 -9999 -9999 -9999 -9999 -26 -26 -28 -30 -26 -23 -21 -20 -19 -17 -14 -12 -12 -12 -12 -10 -7 -5 -3 0 1 -3 -7 -11 -13 -14 -13 -11 -8 -6 -3 -1 -1 -3 -6 -8 -8 -7 -6 -3 -1 1 3 3 4 12 23 25 18 16 19 25 30 34 36 35 33 32 31 28 25 23 22 22 23 24 25 24 23 21 19 19 21 22
-9999 -9999 -9999 -9999 -9999 -9999 -9999 -9999 -9999 -9999 -9999 -9999 -9999 -9999 -9999 -9999 -26 -26 -27 -23 -22 -22 -21 -20 -17 -15 -15 -13 -12 -11 -9 -7 -5 -4 -3 -2 -4 -6 -9 -11 -11 -10 -9 -8 -7 -6 -4 -3 -4 -6 -7 -6 -5 -4 0 4 7 7 6 4 11 20 23 20 18 21 26 32 39 45 43 38 35 33 31 29 26 23 22 22 24 26 27 25 24 23 23 24 25
-9999 -9999 -9999 -9999 -9999 -9999 -9999 -9999 -9999 -9999 -9999 -9999 -9999 -9999 -9999 -9999 -9999 -9999 -24 -19 -20 -21 -22 -21 -19 -18 -15 -13 -13 -13 -12 -10 -8 -6 -5 -4 -4 -6 -7 -8 -8 -8 -7 -6 -7 -6 -4 -3 -3 -3 -4 -3 -2 0 3 6 9 10 11 12 15 21 25 24 21 23 26 32 39 47 45 39 35 33 32 31 28 25 23 25 27 30 31 29 28 27 27 28 29
-9999 -9999 -9999 -9999 -9999 -9999 -9999 -9999 -9999 -9999 -9999 -9999 -9999 -9999 -9999 -9999 -9999 -9999 -9999 -18 -20 -22 -22 -23 -23 -20 -15 -12 -14 -15 -14 -13 -10 -9 -7 -5 -4 -4 -4 -5 -5 -4 -3 -3 -3 -3 -1 0 -1 -2 -2 -3 -1 1 4 7 11 12 12 16 21 26 30 31 30 27 26 31 38 43 42 38 34 34 34 33 31 29 28 31 34 35 34 33 32 32 32 33 35
-9999 -9999 -9999 -9999 -9999 -9999 -9999 -9999 -9999 -9999 -9999 -9999 -9999 -9999 -9999 -9999 -9999 -9999 -9999 -17 -19 -20 -21 -22 -23 -21 -16 -13 -14 -16 -15 -12 -10 -8 -8 -4 -1 0 0 -1 -1 0 1 2 1 1 2 2 1 -1 -3 -2 0 3 8 14 15 15 16 19 22 28 36 37 34 30 28 32 37 40 41 37 35 35 37 38 38 37 36 39 41 41 39 38 38 38 38 40 42
