Project_folder/Species_1/M_variables/Set_1/bio_5.asc
ncols         249
nrows         150
xllcorner     -108.16666292027
yllcorner     24.666671082377
cellsize      0.16666667535901
NODATA_value  -9999
[rows 78 to 116 of 150, columns 89 to 177 of 249]
323 329 329 331 331 328 329 325 323 324 324 324 327 327 329 330 331 332 332 333 332 330 327 325 324 323 321 319 319 318 318 317 316 315 319 325 323 320 316 314 312 311 312 312 312 310 309 308 306 302 294 294 296 294 294 299 291 294 297 296 296 296 296 298 301 297 292 291 274 264 248 262 267 273 278 288 295 294 299 303 305 309 312 317 318 316 315 315 316
321 326 333 332 333 329 331 329 327 328 329 326 328 330 331 332 332 332 332 333 332 329 327 325 323 322 321 320 320 318 318 317 314 316 320 323 322 318 315 314 315 316 316 316 312 313 311 305 302 299 291 293 294 292 289 296 299 301 300 299 299 300 303 299 297 298 295 276 270 259 253 262 265 278 292 303 304 303 303 306 309 311 313 317 318 315 313 314 316
316 322 327 330 332 332 332 331 330 331 332 332 332 332 332 332 332 331 333 332 330 328 326 324 323 322 321 320 320 319 319 317 317 316 318 319 320 318 317 319 320 318 318 317 316 313 309 305 298 291 290 293 292 287 287 303 303 301 301 304 304 306 305 299 297 287 280 266 262 255 261 275 296 303 304 307 309 309 310 310 309 311 313 315 315 313 314 315 317
315 323 325 328 329 328 330 334 333 334 336 337 336 337 334 334 331 333 332 330 328 327 326 324 323 322 321 320 320 320 319 318 317 316 317 318 317 317 318 320 319 317 315 314 314 312 309 303 291 288 290 294 297 292 301 306 304 306 304 303 307 306 304 290 273 271 262 246 249 270 286 301 302 299 305 310 313 315 314 312 311 312 314 316 314 314 316 318 317
314 321 323 327 324 325 329 332 335 335 335 337 340 340 338 334 333 333 331 329 329 328 327 325 324 323 321 320 320 320 319 319 319 318 318 318 316 315 317 317 317 318 316 312 308 310 309 304 292 289 289 293 305 308 308 308 309 306 304 303 300 298 290 284 266 263 263 265 271 301 309 305 306 307 310 313 315 318 318 316 314 313 313 314 315 315 317 316 318
318 315 316 316 321 322 322 325 329 335 338 339 340 340 339 336 335 333 331 329 329 329 326 326 326 325 323 320 320 321 320 320 318 317 318 319 318 316 317 316 316 317 314 309 308 310 307 300 294 296 295 308 308 309 309 309 307 297 291 286 266 273 265 284 288 259 249 289 303 312 310 311 311 312 312 314 316 319 320 318 318 314 313 312 314 316 316 315 318
328 326 324 322 327 330 331 330 328 331 334 338 339 339 338 336 335 333 331 330 329 328 328 327 326 325 324 322 322 322 323 321 318 316 315 316 318 318 318 319 318 316 311 308 308 305 295 293 301 296 309 312 309 308 310 306 287 271 256 247 253 259 272 280 288 277 282 302 307 301 306 311 313 312 315 315 316 318 320 319 317 316 316 315 316 317 315 315 317
336 337 336 335 334 331 330 329 333 336 334 338 339 339 338 335 334 333 331 330 328 327 327 326 325 325 323 322 323 324 325 323 320 317 315 313 314 316 316 316 316 315 311 309 303 292 292 298 298 310 315 313 312 310 306 282 280 278 281 277 276 253 254 264 286 283 294 313 314 311 314 313 314 316 317 318 320 319 320 320 318 317 317 318 316 315 315 315 315
337 340 342 342 339 337 334 331 333 337 338 337 337 337 336 334 333 332 330 330 329 328 325 324 322 323 324 323 323 326 327 324 320 316 315 313 314 319 317 316 315 313 311 310 302 293 296 302 303 316 313 314 311 304 293 273 272 271 265 282 271 267 256 279 282 289 304 316 316 316 316 314 315 318 318 318 319 320 322 323 322 318 318 317 318 316 316 316 315
339 341 338 343 341 338 334 333 335 337 337 336 335 334 334 332 332 331 330 330 329 326 324 322 321 321 323 325 326 328 328 323 320 317 318 316 317 318 320 317 314 313 311 303 301 304 312 306 318 316 314 313 304 298 295 295 288 274 259 277 263 265 285 286 301 309 314 317 317 316 317 316 316 319 320 318 318 319 322 325 325 322 321 319 318 317 317 317 315
333 335 336 339 339 338 334 332 333 334 335 334 332 332 332 331 331 330 330 329 326 324 322 320 321 321 324 325 329 328 327 325 323 323 322 321 319 320 317 316 316 313 307 304 311 314 306 309 318 315 315 311 285 295 296 291 286 279 276 281 287 297 312 312 314 315 318 320 320 320 320 320 319 320 320 318 316 317 322 323 326 325 323 322 320 318 318 317 315
329 330 335 337 336 336 335 333 332 334 334 333 332 331 331 330 330 330 330 328 326 323 321 321 323 324 324 324 326 327 326 326 325 325 326 324 323 321 319 318 317 317 312 315 318 306 306 306 315 313 316 311 297 293 286 280 279 281 289 294 304 310 316 317 317 319 320 322 322 322 322 323 321 321 321 319 317 318 321 325 327 327 326 324 321 318 317 316 315
335 334 336 337 336 335 335 333 332 334 335 332 332 332 331 330 329 330 330 328 326 323 324 325 326 326 326 325 326 328 326 324 321 320 323 323 322 321 321 321 320 320 317 319 309 306 304 309 316 313 317 314 305 295 288 294 297 296 298 303 315 316 319 321 320 321 323 323 325 325 327 326 324 324 323 319 318 320 321 324 327 328 327 325 323 320 318 316 314
334 336 337 337 337 335 334 334 334 334 334 332 333 333 333 331 331 331 332 329 328 327 326 325 327 328 327 329 329 329 327 323 320 318 318 320 321 322 321 319 316 318 319 312 309 310 311 318 317 318 315 314 305 303 301 303 305 304 307 314 318 318 321 323 323 323 325 326 327 328 330 329 328 328 326 322 319 321 322 324 326 327 327 327 324 321 319 317 315
335 336 337 335 337 336 334 334 336 336 335 334 334 334 333 332 333 333 333 332 330 329 329 327 327 326 327 331 330 330 327 324 320 318 317 319 319 318 317 317 317 318 315 312 313 314 321 319 318 316 315 312 309 308 307 306 308 311 316 318 320 320 321 324 325 326 326 328 330 332 331 329 330 329 325 322 321 321 324 325 327 327 329 329 326 323 321 318 316
337 337 336 335 334 336 335 334 335 336 336 337 335 334 333 334 334 334 334 333 331 330 330 328 328 327 327 330 331 330 327 325 322 321 320 319 320 320 321 322 320 318 315 317 319 322 321 318 316 315 315 315 312 310 308 309 311 316 320 321 321 323 323 325 328 328 328 329 332 334 333 331 331 332 328 324 324 323 326 327 328 329 329 329 327 323 322 318 316
338 337 337 336 334 335 335 335 334 335 337 338 335 333 333 334 335 336 335 334 331 331 330 330 329 328 328 329 330 329 328 326 324 324 322 322 321 322 323 323 322 316 319 323 322 319 317 314 314 312 312 313 313 313 311 312 314 318 321 323 323 323 324 325 328 329 329 330 331 332 332 330 331 334 333 328 327 326 328 328 329 329 329 329 328 325 320 317 315
338 337 337 336 334 334 334 335 334 333 336 337 335 333 333 335 336 337 336 334 331 330 329 330 329 328 328 329 329 329 328 327 327 327 324 324 324 325 324 325 319 321 324 324 323 318 315 315 313 310 312 313 316 316 314 315 317 320 323 325 325 323 323 324 325 328 330 330 328 330 332 332 331 331 332 331 330 328 330 330 330 329 329 328 325 321 315 314 314
336 336 336 337 336 335 334 333 333 332 335 336 335 334 334 335 336 336 336 334 329 327 326 327 329 328 328 328 328 329 329 329 329 329 327 324 326 326 325 324 323 324 327 326 323 319 318 315 314 313 313 316 316 316 317 318 320 322 325 327 327 323 324 324 325 327 329 331 330 332 333 333 332 333 332 331 331 331 331 331 330 330 329 326 322 319 314 -9999 -9999
335 336 336 336 337 336 335 334 334 333 334 335 336 335 334 335 335 336 335 332 328 326 326 328 328 327 327 326 328 330 329 329 329 330 329 326 325 326 326 326 325 328 327 324 317 313 317 318 315 317 318 316 317 317 316 319 323 325 328 329 329 326 324 323 324 326 327 330 334 332 333 333 333 333 333 332 331 330 330 330 329 328 328 324 320 318 -9999 -9999 -9999
336 335 336 336 336 336 336 335 334 333 334 335 335 335 335 335 335 335 334 329 328 329 329 328 326 326 326 327 328 329 330 330 330 331 332 328 325 326 327 326 327 327 325 317 313 315 319 319 321 323 321 318 319 318 317 320 324 328 330 332 332 329 326 325 325 327 328 330 332 334 333 333 333 332 332 331 330 329 329 328 326 326 324 321 318 318 -9999 -9999 -9999
336 336 336 336 336 336 336 336 335 334 335 335 335 334 334 334 335 335 332 328 328 331 332 329 327 325 325 327 329 329 330 330 330 332 332 329 326 326 326 325 326 324 319 318 320 318 322 324 326 324 322 321 322 321 320 322 325 330 331 333 335 331 328 326 328 330 329 329 330 333 334 334 333 333 331 330 329 328 329 326 324 322 321 319 317 -9999 -9999 -9999 -9999
336 335 337 337 337 337 337 338 337 336 336 335 334 333 333 333 335 335 331 328 328 331 332 330 327 326 325 325 328 330 331 331 331 332 330 327 326 325 325 322 323 323 321 319 322 321 322 323 326 325 323 321 322 324 325 325 327 330 332 334 336 335 330 327 330 331 330 331 331 333 335 335 334 333 331 329 328 327 326 324 319 318 318 -9999 -9999 -9999 -9999 -9999 -9999
336 335 337 337 338 338 338 338 338 337 336 335 333 332 331 332 334 332 332 332 331 331 332 331 328 326 325 326 328 331 331 332 332 332 331 328 327 325 326 324 323 324 323 320 321 320 320 321 324 326 325 324 325 328 329 328 329 332 333 334 336 336 334 332 332 332 332 333 334 334 335 336 334 333 331 328 326 324 322 319 316 316 -9999 -9999 -9999 -9999 -9999 -9999 -9999
337 336 336 337 337 338 338 338 338 338 337 335 333 332 332 332 331 333 334 335 334 333 332 330 328 327 327 328 331 331 333 332 332 332 332 329 328 328 328 327 326 326 327 323 322 322 321 321 324 327 328 328 327 326 328 330 329 330 332 333 334 336 337 335 334 335 334 334 334 335 335 336 334 332 330 327 325 322 319 317 315 -9999 -9999 -9999 -9999 -9999 -9999 -9999 -9999
338 338 338 338 337 337 338 339 338 338 337 336 334 333 333 330 331 331 333 334 334 333 331 330 329 329 330 331 330 332 332 333 332 332 331 331 330 332 333 331 330 331 330 327 327 325 325 324 326 328 330 329 327 327 328 330 330 331 334 335 335 336 338 337 336 336 337 337 336 334 334 334 333 330 327 324 321 319 318 -9999 -9999 -9999 -9999 -9999 -9999 -9999 -9999 -9999 -9999
339 338 339 339 337 337 337 339 339 338 337 337 336 334 332 331 330 330 332 334 333 332 330 329 329 330 332 332 330 331 333 334 334 333 332 331 332 333 332 331 330 331 330 329 328 327 326 326 327 327 329 328 327 327 327 330 332 333 335 337 335 336 336 337 336 336 337 337 336 335 334 333 331 328 324 321 320 319 -9999 -9999 -9999 -9999 -9999 -9999 -9999 -9999 -9999 -9999 -9999
339 339 339 339 338 337 337 337 338 339 339 339 338 335 332 330 330 330 332 332 332 331 330 330 330 330 332 333 332 331 333 335 334 333 333 333 333 332 332 330 330 329 329 328 327 327 325 326 327 329 329 329 328 326 326 329 333 334 334 336 335 335 335 335 336 336 336 336 335 335 334 332 329 324 322 320 -9999 -9999 -9999 -9999 -9999 -9999 -9999 -9999 -9999 -9999 -9999 -9999 -9999
341 341 340 338 338 338 337 336 337 338 338 339 339 334 332 330 330 330 332 333 331 329 330 330 331 331 331 333 332 333 334 334 334 333 334 334 332 332 332 330 329 328 328 328 328 327 324 323 327 329 330 331 329 328 329 330 333 333 331 333 335 334 334 334 334 335 336 336 335 335 334 330 325 321 320 -9999 -9999 -9999 -9999 -9999 -9999 -9999 -9999 -9999 -9999 -9999 -9999 -9999 -9999
340 342 340 338 337 337 337 336 337 337 337 337 335 332 330 329 329 331 334 334 331 329 329 331 332 332 331 331 332 332 334 335 334 332 333 333 332 330 330 331 332 331 331 330 328 328 325 324 326 329 331 332 330 329 330 331 331 329 328 330 332 333 333 332 333 334 335 335 335 334 331 327 323 320 -9999 -9999 -9999 -9999 -9999 -9999 -9999 -9999 -9999 -9999 -9999 -9999 -9999 -9999 -9999
339 341 341 339 336 336 336 337 337 336 335 333 330 330 329 329 329 330 334 338 334 331 330 331 333 333 332 331 332 332 334 334 334 332 333 331 329 328 330 331 331 332 332 331 329 328 327 327 326 329 330 331 330 331 331 332 330 327 326 327 330 331 332 332 333 334 335 335 335 333 329 325 321 319 -9999 -9999 -9999 -9999 -9999 -9999 -9999 -9999 -9999 -9999 -9999 -9999 -9999 -9999 -9999
337 338 339 338 336 334 334 336 336 335 335 332 330 331 331 329 329 331 333 336 336 333 332 334 335 334 332 331 332 332 333 334 334 332 331 327 327 327 328 329 330 330 330 330 328 327 328 328 329 331 333 333 332 333 333 333 330 329 327 327 329 331 332 333 334 336 337 336 334 331 327 322 319 -9999 -9999 -9999 -9999 -9999 -9999 -9999 -9999 -9999 -9999 -9999 -9999 -9999 -9999 -9999 -9999
336 336 337 336 335 335 334 335 335 335 333 332 330 329 329 330 331 332 333 334 335 335 333 334 336 335 333 332 332 332 332 333 333 332 328 326 325 325 325 328 328 329 329 329 327 326 326 328 331 333 335 335 334 335 336 334 332 331 330 329 329 330 331 333 335 338 338 335 332 330 328 323 320 -9999 -9999 -9999 -9999 -9999 -9999 -9999 -9999 -9999 -9999 -9999 -9999 -9999 -9999 -9999 -9999
335 335 335 336 334 334 335 335 334 334 332 328 328 329 330 331 332 333 334 333 334 335 332 333 334 333 332 333 332 331 330 331 332 330 327 326 325 323 324 325 326 327 328 329 328 327 327 329 331 333 335 336 336 336 335 334 334 333 332 330 330 330 330 332 335 337 337 334 332 331 329 326 -9999 -9999 -9999 -9999 -9999 -9999 -9999 -9999 -9999 -9999 -9999 -9999 -9999 -9999 -9999 -9999 -9999
335 335 336 336 335 334 335 335 334 333 331 329 328 329 330 332 333 334 334 333 333 334 331 331 331 331 332 333 330 330 329 329 330 328 327 325 325 323 323 324 325 325 326 328 328 328 327 329 331 332 334 335 335 333 333 334 334 333 332 331 330 330 331 332 334 336 337 336 334 331 328 325 -9999 -9999 -9999 -9999 -9999 -9999 -9999 -9999 -9999 -9999 -9999 -9999 -9999 -9999 -9999 -9999 -9999
335 335 336 336 334 334 334 334 333 332 331 330 329 329 331 332 334 334 334 333 333 332 330 329 329 330 330 330 329 328 327 327 327 326 326 326 326 326 324 323 323 324 325 327 328 328 328 328 330 331 332 331 330 330 331 331 332 332 332 331 330 331 331 333 334 336 337 337 335 332 327 324 -9999 -9999 -9999 -9999 -9999 -9999 -9999 -9999 -9999 -9999 -9999 -9999 -9999 -9999 -9999 -9999 -9999
334 334 334 334 333 333 332 332 332 330 330 329 328 329 330 332 334 333 332 331 331 331 329 328 328 328 327 326 325 325 324 324 323 324 325 324 324 324 322 319 320 322 324 325 326 326 326 327 329 330 330 328 327 329 330 329 329 330 331 330 331 332 333 333 334 335 336 336 335 333 328 325 -9999 -9999 -9999 -9999 -9999 -9999 -9999 -9999 -9999 -9999 -9999 -9999 -9999 -9999 -9999 -9999 -9999
333 333 333 332 332 331 330 330 331 329 328 328 328 328 330 331 332 332 331 330 330 329 327 325 325 326 324 323 322 322 322 322 322 322 322 322 321 321 319 317 318 321 322 323 324 324 326 327 329 329 328 328 328 329 330 329 328 330 330 331 332 333 333 333 333 333 334 335 335 334 330 327 -9999 -9999 -9999 -9999 -9999 -9999 -9999 -9999 -9999 -9999 -9999 -9999 -9999 -9999 -9999 -9999 -9999
330 331 331 331 330 329 328 328 328 327 327 327 327 328 329 330 330 330 330 330 329 328 326 323 324 323 322 320 320 319 320 320 320 320 320 320 320 320 -9999 -9999 -9999 -9999 -9999 321 322 322 323 325 328 329 328 328 328 329 330 330 330 331 331 331 331 333 333 332 331 331 332 332 334 333 331 331 -9999 -9999 -9999 -9999 -9999 -9999 -9999 -9999 -9999 -9999 -9999 -9999 -9999 -9999 -9999 -9999 -9999
