Project_folder/Species_1/M_variables/Set_1/bio_12.asc
ncols         249
nrows         150
xllcorner     -108.16666292027
yllcorner     24.666671082377
cellsize      0.16666667535901
NODATA_value  -9999
[rows 0 to 37 of 150, columns 0 to 83 of 249]
-9999 -9999 -9999 -9999 -9999 -9999 -9999 -9999 -9999 -9999 -9999 -9999 -9999 -9999 -9999 -9999 -9999 -9999 -9999 -9999 -9999 -9999 -9999 -9999 -9999 -9999 -9999 -9999 -9999 -9999 -9999 -9999 -9999 -9999 -9999 -9999 -9999 -9999 -9999 -9999 -9999 -9999 -9999 -9999 -9999 -9999 -9999 -9999 -9999 -9999 -9999 -9999 -9999 -9999 -9999 -9999 -9999 -9999 -9999 -9999 -9999 -9999 -9999 -9999 -9999 -9999 -9999 -9999 -9999 -9999 -9999 -9999 -9999 -9999 -9999 -9999 -9999 -9999 -9999 -9999 -9999 -9999 -9999 -9999
-9999 -9999 -9999 -9999 -9999 -9999 -9999 -9999 -9999 -9999 -9999 -9999 -9999 -9999 -9999 -9999 -9999 -9999 -9999 -9999 -9999 -9999 -9999 -9999 -9999 -9999 -9999 -9999 -9999 -9999 -9999 -9999 -9999 -9999 -9999 -9999 -9999 -9999 -9999 -9999 -9999 -9999 -9999 -9999 -9999 -9999 -9999 -9999 -9999 -9999 -9999 -9999 -9999 -9999 -9999 -9999 -9999 -9999 -9999 -9999 -9999 -9999 -9999 -9999 -9999 -9999 -9999 -9999 -9999 -9999 -9999 -9999 -9999 -9999 -9999 -9999 560 564 572 581 590 -9999 -9999 -9999
-9999 -9999 -9999 -9999 -9999 -9999 -9999 -9999 -9999 -9999 -9999 -9999 -9999 -9999 -9999 -9999 -9999 -9999 -9999 -9999 -9999 -9999 -9999 -9999 -9999 -9999 -9999 -9999 -9999 -9999 -9999 -9999 -9999 -9999 -9999 -9999 -9999 -9999 -9999 -9999 -9999 -9999 -9999 -9999 -9999 -9999 -9999 -9999 -9999 -9999 -9999 -9999 -9999 -9999 -9999 -9999 -9999 -9999 -9999 -9999 -9999 -9999 -9999 -9999 -9999 -9999 -9999 -9999 -9999 -9999 -9999 -9999 -9999 -9999 -9999 -9999 563 564 570 578 593 606 -9999 -9999
-9999 -9999 -9999 -9999 -9999 -9999 -9999 -9999 -9999 -9999 -9999 -9999 -9999 -9999 -9999 -9999 -9999 -9999 -9999 -9999 -9999 -9999 -9999 -9999 -9999 -9999 -9999 -9999 -9999 -9999 -9999 -9999 -9999 -9999 -9999 -9999 -9999 -9999 -9999 -9999 406 419 419 422 428 439 451 454 454 449 450 447 445 445 451 454 455 457 473 490 497 493 491 491 497 507 510 506 503 499 501 512 525 536 552 559 558 557 564 578 589 608 -9999 -9999
-9999 -9999 -9999 -9999 -9999 -9999 -9999 -9999 -9999 -9999 -9999 -9999 -9999 -9999 -9999 -9999 -9999 -9999 -9999 -9999 -9999 -9999 -9999 -9999 -9999 -9999 -9999 -9999 -9999 -9999 -9999 -9999 -9999 -9999 -9999 -9999 -9999 -9999 -9999 -9999 403 409 411 416 421 433 452 449 444 451 452 449 445 441 445 446 443 451 468 480 490 487 480 481 487 495 500 497 496 491 493 504 516 530 539 554 551 551 564 574 588 607 633 -9999
-9999 -9999 -9999 -9999 -9999 -9999 -9999 -9999 -9999 -9999 -9999 -9999 -9999 -9999 -9999 -9999 -9999 -9999 -9999 -9999 -9999 -9999 -9999 -9999 -9999 -9999 -9999 -9999 -9999 -9999 -9999 -9999 -9999 -9999 -9999 -9999 -9999 -9999 -9999 409 413 414 414 417 420 425 423 423 423 429 439 444 443 439 440 443 441 446 458 474 484 483 475 475 480 486 489 488 488 492 495 505 518 534 543 551 556 562 570 577 588 609 643 654
-9999 -9999 -9999 -9999 -9999 -9999 -9999 -9999 -9999 -9999 -9999 -9999 -9999 -9999 -9999 -9999 -9999 -9999 -9999 -9999 -9999 -9999 -9999 -9999 -9999 -9999 -9999 -9999 -9999 -9999 -9999 -9999 -9999 -9999 -9999 -9999 -9999 -9999 -9999 418 418 419 420 420 420 421 421 417 422 426 434 439 437 438 437 438 439 439 447 463 476 476 471 474 477 483 485 485 487 491 498 512 525 539 549 558 563 571 579 587 594 612 639 652
-9999 -9999 -9999 -9999 -9999 -9999 -9999 -9999 -9999 -9999 -9999 -9999 -9999 -9999 -9999 -9999 -9999 -9999 -9999 -9999 -9999 -9999 -9999 -9999 -9999 -9999 -9999 -9999 -9999 -9999 -9999 -9999 -9999 -9999 -9999 -9999 -9999 -9999 -9999 425 426 426 426 426 424 422 421 420 421 426 433 439 437 437 437 436 435 435 438 454 467 473 475 475 476 481 485 488 489 496 507 520 531 542 549 558 567 575 580 586 598 616 635 650
-9999 -9999 -9999 -9999 -9999 -9999 -9999 -9999 -9999 -9999 -9999 -9999 -9999 -9999 -9999 -9999 -9999 -9999 -9999 -9999 -9999 -9999 -9999 -9999 -9999 -9999 -9999 -9999 -9999 -9999 -9999 -9999 -9999 -9999 -9999 -9999 -9999 -9999 445 438 433 433 434 431 428 423 422 422 423 429 433 439 440 437 438 437 435 439 443 454 470 478 480 477 481 483 486 490 495 502 517 529 538 546 553 562 571 579 582 589 600 614 633 649
-9999 -9999 -9999 -9999 -9999 -9999 -9999 -9999 -9999 -9999 -9999 -9999 -9999 -9999 -9999 -9999 -9999 -9999 -9999 -9999 -9999 -9999 -9999 -9999 -9999 -9999 -9999 -9999 -9999 -9999 -9999 -9999 -9999 -9999 -9999 -9999 -9999 -9999 440 444 442 437 437 437 429 422 423 421 424 428 435 437 441 439 440 441 443 445 452 464 475 486 487 487 484 486 493 496 500 510 524 536 545 553 558 567 574 580 585 593 603 619 633 651
-9999 -9999 -9999 -9999 -9999 -9999 -9999 -9999 -9999 -9999 -9999 -9999 -9999 -9999 -9999 -9999 -9999 -9999 -9999 -9999 -9999 -9999 -9999 -9999 -9999 -9999 -9999 -9999 -9999 -9999 -9999 -9999 -9999 -9999 -9999 -9999 -9999 -9999 435 434 435 443 443 442 428 421 420 421 424 427 432 436 440 443 445 448 446 453 459 471 484 497 497 494 494 493 497 501 508 518 533 547 558 564 568 574 580 584 586 594 609 625 648 659
-9999 -9999 -9999 -9999 -9999 -9999 -9999 -9999 -9999 -9999 -9999 -9999 -9999 -9999 -9999 -9999 -9999 -9999 -9999 -9999 -9999 -9999 -9999 -9999 -9999 -9999 -9999 -9999 -9999 -9999 -9999 -9999 -9999 -9999 -9999 -9999 -9999 429 430 428 421 429 436 441 438 431 424 423 425 429 433 440 445 447 450 452 455 460 468 476 488 503 502 499 502 501 504 510 515 525 544 559 571 575 585 590 594 599 602 611 621 639 652 661
-9999 -9999 -9999 -9999 -9999 -9999 -9999 -9999 -9999 -9999 -9999 -9999 -9999 -9999 -9999 -9999 -9999 -9999 -9999 -9999 -9999 -9999 -9999 -9999 -9999 -9999 -9999 -9999 -9999 -9999 -9999 -9999 -9999 -9999 -9999 -9999 -9999 426 423 417 413 423 434 438 438 437 432 429 429 428 433 441 446 450 453 456 461 469 475 482 493 510 505 500 502 505 511 516 525 538 554 570 582 587 598 609 620 621 620 621 634 647 656 664
-9999 -9999 -9999 -9999 -9999 -9999 -9999 -9999 -9999 -9999 -9999 -9999 -9999 -9999 -9999 -9999 -9999 -9999 -9999 -9999 -9999 -9999 -9999 -9999 -9999 -9999 -9999 -9999 -9999 -9999 -9999 -9999 -9999 -9999 -9999 -9999 -9999 431 428 425 417 428 441 442 439 438 434 431 428 430 433 440 445 445 452 457 463 470 478 487 494 507 506 502 504 506 512 519 534 551 565 578 589 599 611 625 638 643 638 640 649 657 661 663
-9999 -9999 -9999 -9999 -9999 -9999 -9999 -9999 -9999 -9999 -9999 -9999 -9999 -9999 -9999 -9999 -9999 -9999 -9999 -9999 -9999 -9999 -9999 -9999 -9999 -9999 -9999 -9999 -9999 -9999 -9999 -9999 -9999 -9999 -9999 -9999 -9999 428 429 427 429 431 438 438 439 434 434 430 426 426 429 435 440 442 443 454 463 472 479 487 493 501 499 500 503 507 512 522 538 558 571 581 596 608 627 643 658 664 661 660 664 667 669 666
-9999 -9999 -9999 -9999 -9999 -9999 -9999 -9999 -9999 -9999 -9999 -9999 -9999 -9999 -9999 -9999 -9999 -9999 -9999 -9999 -9999 -9999 -9999 -9999 -9999 -9999 -9999 -9999 -9999 -9999 -9999 -9999 -9999 -9999 -9999 -9999 -9999 434 437 437 437 437 437 431 439 438 434 430 423 420 425 427 430 431 442 451 461 472 482 486 490 495 495 499 501 504 509 523 537 553 568 583 597 615 634 648 663 670 670 673 678 679 678 683
-9999 -9999 -9999 -9999 -9999 -9999 -9999 -9999 -9999 -9999 -9999 -9999 -9999 -9999 -9999 -9999 -9999 -9999 -9999 -9999 -9999 -9999 -9999 -9999 -9999 -9999 -9999 -9999 -9999 -9999 -9999 -9999 -9999 -9999 -9999 -9999 -9999 435 437 439 438 436 431 425 428 431 428 430 429 430 427 431 431 433 446 452 463 474 485 492 489 495 492 495 498 499 507 517 531 547 565 580 599 615 636 650 664 669 671 674 679 687 689 694
-9999 -9999 -9999 -9999 -9999 -9999 -9999 -9999 -9999 -9999 -9999 -9999 -9999 -9999 -9999 -9999 -9999 -9999 -9999 -9999 -9999 -9999 -9999 -9999 -9999 -9999 -9999 -9999 -9999 -9999 -9999 -9999 -9999 -9999 -9999 -9999 432 432 433 431 432 429 422 418 413 421 424 428 430 431 435 440 441 442 450 458 467 481 489 497 496 493 495 491 493 495 503 516 530 543 560 581 600 615 637 653 665 671 672 677 683 689 690 701
-9999 -9999 -9999 -9999 -9999 -9999 -9999 -9999 -9999 -9999 -9999 -9999 -9999 -9999 -9999 -9999 -9999 -9999 -9999 -9999 -9999 -9999 -9999 -9999 -9999 -9999 -9999 -9999 -9999 -9999 -9999 -9999 -9999 -9999 -9999 -9999 427 425 425 425 424 421 423 416 418 410 421 427 435 442 450 444 444 451 461 468 474 487 497 501 500 495 495 491 493 497 508 515 528 544 560 582 597 618 637 654 667 672 677 678 685 691 691 694
-9999 -9999 -9999 -9999 -9999 -9999 -9999 -9999 -9999 -9999 -9999 -9999 -9999 -9999 -9999 -9999 -9999 -9999 -9999 -9999 -9999 -9999 -9999 -9999 -9999 -9999 -9999 -9999 -9999 -9999 -9999 -9999 -9999 -9999 -9999 -9999 425 426 423 426 425 416 413 407 400 401 416 430 439 444 448 447 450 458 469 476 479 491 502 503 497 495 495 493 493 494 508 519 531 545 557 579 598 617 636 655 667 671 675 678 681 688 685 689
-9999 -9999 -9999 -9999 -9999 -9999 -9999 -9999 -9999 -9999 -9999 -9999 -9999 -9999 -9999 -9999 -9999 -9999 -9999 -9999 -9999 -9999 -9999 -9999 -9999 -9999 -9999 -9999 -9999 -9999 -9999 -9999 -9999 -9999 -9999 -9999 429 425 421 417 418 416 407 400 392 392 404 421 431 436 445 448 451 460 473 485 486 499 507 505 497 494 495 493 494 500 511 522 533 548 557 573 594 611 631 647 666 674 682 685 686 689 687 688
-9999 -9999 -9999 -9999 -9999 -9999 -9999 -9999 -9999 -9999 -9999 -9999 -9999 -9999 -9999 -9999 -9999 -9999 -9999 -9999 -9999 -9999 -9999 -9999 -9999 -9999 -9999 -9999 -9999 -9999 -9999 -9999 -9999 -9999 -9999 -9999 429 423 421 414 409 413 417 412 391 383 409 427 427 435 445 449 450 462 475 490 487 499 509 505 496 493 491 494 497 504 516 528 533 543 554 567 587 602 617 637 652 667 681 692 693 687 680 689
-9999 -9999 -9999 -9999 -9999 -9999 -9999 -9999 -9999 -9999 -9999 -9999 -9999 -9999 -9999 -9999 -9999 -9999 -9999 -9999 -9999 -9999 -9999 -9999 -9999 -9999 -9999 -9999 -9999 -9999 -9999 -9999 -9999 -9999 -9999 -9999 437 434 422 415 417 417 421 417 412 403 410 422 424 433 443 449 456 464 478 488 489 497 502 501 494 489 487 494 509 510 520 529 538 545 555 568 580 589 601 617 634 653 671 689 692 687 681 686
-9999 -9999 -9999 -9999 -9999 -9999 -9999 -9999 -9999 -9999 -9999 -9999 -9999 -9999 -9999 -9999 -9999 -9999 -9999 -9999 -9999 -9999 -9999 -9999 -9999 -9999 -9999 -9999 -9999 -9999 -9999 -9999 -9999 -9999 -9999 -9999 420 418 415 411 411 413 417 422 419 418 424 432 429 433 440 450 458 468 478 480 488 495 496 496 491 487 484 506 523 526 525 532 541 552 563 569 579 583 581 589 612 636 657 676 689 693 688 692
-9999 -9999 -9999 -9999 -9999 -9999 -9999 -9999 -9999 -9999 -9999 -9999 -9999 -9999 -9999 -9999 -9999 -9999 -9999 -9999 -9999 -9999 -9999 -9999 -9999 -9999 -9999 -9999 -9999 -9999 -9999 -9999 -9999 -9999 -9999 -9999 419 415 412 415 421 428 431 430 430 425 428 434 433 441 449 452 458 471 473 479 489 494 494 492 489 486 499 512 520 535 538 538 547 557 568 578 581 575 550 537 569 613 651 676 690 698 704 700
-9999 -9999 -9999 -9999 -9999 -9999 -9999 -9999 -9999 -9999 -9999 -9999 -9999 -9999 -9999 -9999 -9999 -9999 -9999 -9999 -9999 -9999 -9999 -9999 -9999 -9999 -9999 -9999 -9999 -9999 -9999 -9999 -9999 -9999 -9999 -9999 415 418 420 426 431 438 441 441 437 433 432 438 446 452 453 457 458 466 474 479 486 493 495 490 489 493 510 520 524 534 547 544 552 560 576 584 581 559 508 485 531 593 651 685 700 704 709 712
-9999 -9999 -9999 -9999 -9999 -9999 -9999 -9999 -9999 -9999 -9999 -9999 -9999 -9999 -9999 -9999 -9999 -9999 -9999 -9999 -9999 -9999 -9999 -9999 -9999 -9999 -9999 -9999 -9999 -9999 -9999 -9999 -9999 -9999 -9999 -9999 401 408 410 417 427 436 437 434 438 439 441 437 450 453 452 455 457 465 474 481 488 494 494 488 485 502 518 528 531 539 554 562 558 567 577 585 584 561 508 473 526 597 658 695 705 705 709 715
-9999 -9999 -9999 -9999 -9999 -9999 -9999 -9999 -9999 -9999 -9999 -9999 -9999 -9999 -9999 -9999 -9999 -9999 -9999 -9999 -9999 -9999 -9999 -9999 -9999 -9999 -9999 -9999 -9999 -9999 -9999 -9999 -9999 -9999 401 403 409 412 420 426 433 443 448 453 454 444 437 443 456 461 459 457 460 469 479 481 485 492 494 489 486 504 526 535 542 549 561 576 576 578 586 597 597 587 559 540 562 614 666 692 704 704 709 716
-9999 -9999 -9999 -9999 -9999 -9999 -9999 -9999 -9999 -9999 -9999 -9999 -9999 -9999 -9999 -9999 -9999 -9999 -9999 -9999 -9999 -9999 -9999 -9999 -9999 -9999 -9999 -9999 -9999 -9999 -9999 -9999 401 405 404 402 407 412 421 428 436 440 437 434 432 436 438 448 456 459 462 462 466 477 477 478 486 488 491 491 494 505 533 547 553 559 569 589 597 601 598 605 609 610 611 594 602 632 663 683 698 702 704 714
-9999 -9999 -9999 -9999 -9999 -9999 -9999 -9999 -9999 -9999 -9999 -9999 -9999 -9999 -9999 -9999 -9999 -9999 -9999 -9999 -9999 -9999 -9999 -9999 -9999 -9999 -9999 -9999 -9999 -9999 -9999 415 414 406 400 400 404 411 411 421 419 421 424 423 426 427 441 451 460 461 461 463 464 470 471 474 481 487 490 495 503 516 545 556 567 569 581 594 606 614 617 620 620 623 629 626 629 646 662 679 694 703 709 716
-9999 -9999 -9999 -9999 -9999 -9999 -9999 -9999 -9999 -9999 -9999 -9999 -9999 -9999 -9999 -9999 -9999 -9999 -9999 -9999 -9999 -9999 -9999 -9999 -9999 -9999 -9999 -9999 -9999 -9999 421 412 417 420 411 407 406 409 414 419 423 434 435 432 434 424 431 449 459 458 461 467 471 469 470 473 481 489 495 502 510 526 550 570 582 581 585 587 603 616 623 628 625 630 638 643 651 655 665 678 692 710 717 723
-9999 -9999 -9999 -9999 -9999 -9999 -9999 -9999 -9999 -9999 -9999 -9999 -9999 -9999 -9999 -9999 -9999 -9999 -9999 -9999 -9999 -9999 -9999 -9999 -9999 -9999 -9999 -9999 488 446 422 409 404 399 399 399 403 417 430 436 441 443 437 438 436 430 428 452 459 459 466 475 482 481 482 483 489 495 506 512 521 532 554 576 588 592 592 583 588 607 624 630 636 640 645 652 657 659 668 680 692 709 724 731
-9999 -9999 -9999 -9999 -9999 -9999 -9999 -9999 -9999 -9999 -9999 -9999 -9999 -9999 -9999 -9999 -9999 -9999 -9999 -9999 -9999 -9999 -9999 -9999 -9999 -9999 -9999 621 528 457 435 419 411 409 403 419 422 431 432 436 435 436 434 435 431 436 445 452 455 452 461 468 470 475 479 493 506 510 518 526 534 542 556 577 591 598 598 585 580 599 622 637 644 654 662 665 663 664 671 681 693 709 724 739
-9999 -9999 -9999 -9999 -9999 -9999 -9999 -9999 -9999 -9999 -9999 -9999 -9999 -9999 -9999 -9999 -9999 -9999 -9999 -9999 -9999 -9999 -9999 -9999 -9999 -9999 595 573 523 460 434 427 421 419 408 426 426 425 422 423 427 430 432 437 443 457 464 465 463 461 462 465 464 472 476 489 521 535 534 539 546 552 562 577 594 605 603 594 592 601 622 645 660 667 675 677 679 684 690 690 696 709 729 744
-9999 -9999 -9999 -9999 -9999 -9999 -9999 -9999 -9999 -9999 -9999 -9999 -9999 -9999 -9999 -9999 -9999 -9999 -9999 -9999 -9999 -9999 -9999 -9999 -9999 563 582 541 502 459 430 419 414 412 417 424 421 422 424 428 433 439 444 450 463 471 473 475 471 474 484 491 486 487 490 503 530 545 543 549 555 559 568 576 595 609 611 606 605 613 634 656 669 681 681 684 689 696 703 704 706 715 734 751
-9999 -9999 -9999 -9999 -9999 -9999 -9999 -9999 -9999 -9999 -9999 -9999 -9999 -9999 -9999 -9999 -9999 -9999 -9999 -9999 -9999 -9999 -9999 -9999 421 481 514 504 481 442 425 416 410 417 415 410 410 415 418 425 432 439 447 453 458 468 475 480 486 495 498 505 504 513 519 532 540 547 555 560 561 565 574 583 597 607 616 614 617 627 650 668 679 691 696 692 696 703 711 714 717 732 749 762
-9999 -9999 -9999 -9999 -9999 -9999 -9999 -9999 -9999 -9999 -9999 -9999 -9999 -9999 -9999 -9999 -9999 -9999 -9999 -9999 -9999 -9999 -9999 362 385 417 449 462 445 433 420 417 415 413 410 412 424 427 430 442 446 451 456 458 468 485 491 499 508 521 532 535 538 542 552 554 560 567 574 575 572 572 575 588 600 611 618 623 623 633 653 670 682 693 700 704 705 706 717 721 727 742 756 762
-9999 -9999 -9999 -9999 -9999 -9999 -9999 -9999 -9999 -9999 -9999 -9999 -9999 -9999 -9999 -9999 -9999 -9999 -9999 -9999 -9999 -9999 349 358 372 391 415 429 423 417 422 423 413 410 421 431 441 441 442 457 455 463 466 467 477 498 502 511 528 548 561 565 571 568 570 573 577 581 584 585 584 579 581 592 604 616 615 626 630 638 659 671 683 692 704 707 709 717 727 730 731 746 756 761
